<area href="@@LINK@@" alt="@@ALT@@" title="@@TITLE@@" slug="wa" shape="poly" coords="46,1,93,12,86,43,87,50,70,46,59,46,48,46,42,43,35,41,34,35,28,31,28,26,29,22,28,13,26,10,28,5,41,12,39,19,42,22,45,16,46,9">
<area href="@@LINK@@" alt="@@ALT@@" title="@@TITLE@@" slug="or" shape="poly" coords="76,100,82,72,79,68,90,52,72,47,53,46,44,44,37,43,35,38,28,32,20,48,12,69,9,76,10,83,39,91,77,100">
<area href="@@LINK@@" alt="@@ALT@@" title="@@TITLE@@" slug="ca" shape="poly" coords="47,93,39,131,80,192,84,203,80,207,79,211,76,214,76,222,70,221,49,219,49,211,40,201,39,197,33,195,29,190,19,186,20,179,11,159,15,153,9,149,10,143,9,138,4,124,3,116,6,112,1,105,6,98,8,92,9,83">
<area href="@@LINK@@" alt="@@ALT@@" title="@@TITLE@@" slug="nv" shape="poly" coords="47,94,103,105,90,179,87,181,83,179,83,190,81,192,39,131">
<area href="@@LINK@@" alt="@@ALT@@" title="@@TITLE@@" slug="id" shape="poly" coords="94,12,102,14,99,25,102,30,101,34,106,40,109,44,111,46,109,51,108,57,109,60,113,58,115,64,115,70,119,73,119,77,125,76,132,76,135,75,136,77,131,109,76,100,83,73,79,68,83,65,85,60,90,55,88,51,87,45">
<area href="@@LINK@@" alt="@@ALT@@" title="@@TITLE@@" slug="ne" shape="poly" coords="199,104,198,129,216,131,215,144,281,145,277,139,276,135,275,127,273,125,272,119,270,114,266,110,258,108,254,109,251,106">
<area href="@@LINK@@" alt="@@ALT@@" title="@@TITLE@@" slug="ks" shape="poly" coords="289,184,288,157,284,152,286,147,281,145,215,144,214,183">
<area href="@@LINK@@" alt="@@ALT@@" title="@@TITLE@@" slug="tx" shape="poly" coords="296,228,296,249,300,252,300,255,303,259,302,264,301,269,300,273,299,278,291,281,291,277,288,278,287,279,288,283,283,288,273,293,267,297,262,303,260,310,259,315,263,326,260,327,256,325,249,324,246,322,241,320,236,313,236,308,236,305,232,303,224,289,218,280,212,276,204,275,200,279,197,284,193,285,187,280,181,276,179,270,178,264,173,261,169,256,165,251,161,244,198,246,202,189,234,190,233,214,235,218,240,218,244,223,249,222,254,223,259,226,264,225,270,225,273,225,280,225,283,224,289,226">
<area href="@@LINK@@" alt="@@ALT@@" title="@@TITLE@@" slug="mn" shape="poly" coords="318,99,318,95,315,92,313,89,307,86,304,84,304,74,301,71,303,67,307,66,306,58,312,52,318,46,329,40,324,40,319,38,314,40,309,38,306,37,301,35,298,34,295,36,289,34,285,32,283,26,281,25,280,30,263,30,263,34,263,39,265,46,266,53,267,60,268,65,269,69,266,73,269,77,270,100">
<area href="@@LINK@@" alt="@@ALT@@" title="@@TITLE@@" slug="la" shape="poly" coords="350,285,354,282,351,280,346,278,350,274,346,272,339,271,339,268,343,269,347,269,344,265,345,259,324,261,325,255,327,250,328,247,330,243,327,237,326,234,295,235,296,249,300,252,300,255,303,260,300,269,300,277,305,277,307,277,311,277,315,280,320,279,322,275,327,278,331,282,334,284,337,281,342,284">
<area href="@@LINK@@" alt="@@ALT@@" title="@@TITLE@@" slug="ia" shape="poly" coords="269,100,270,105,268,110,272,117,274,122,275,126,276,130,277,137,316,136,319,138,322,135,323,130,322,127,324,125,328,123,330,116,326,112,323,110,320,109,319,100">
<area href="@@LINK@@" alt="@@ALT@@" title="@@TITLE@@" slug="mt" shape="poly" coords="102,13,126,17,148,21,166,23,186,25,204,26,200,77,185,77,168,75,151,73,137,71,136,74,129,74,120,74,117,70,115,66,115,59,112,58,109,58,109,53,110,47,112,46,108,42,104,37,102,34,101,31,102,29,100,25">
<area href="@@LINK@@" alt="@@ALT@@" title="@@TITLE@@" slug="nd" shape="poly" coords="204,27,262,30,263,38,264,42,265,47,266,53,267,60,269,65,269,68,251,68,231,68,218,67,202,66">
<area href="@@LINK@@" alt="@@ALT@@" title="@@TITLE@@" slug="sd" shape="poly" coords="202,66,230,68,251,68,268,69,266,72,269,77,270,98,268,100,270,103,269,106,269,111,264,108,257,108,252,107,245,106,231,106,215,105,203,105,199,105,201,79">
<area href="@@LINK@@" alt="@@ALT@@" title="@@TITLE@@" slug="wy" shape="poly" coords="137,72,132,111,130,123,158,126,198,130,200,78,180,77,169,76,158,75,148,74">
<area href="@@LINK@@" alt="@@ALT@@" title="@@TITLE@@" slug="ok" shape="poly" coords="203,182,204,190,234,190,234,199,233,209,233,214,236,217,240,218,243,220,248,222,253,222,256,225,261,226,265,224,271,225,278,225,284,224,288,226,292,227,291,203,291,199,289,196,289,190,289,184,272,185,251,184,232,184,214,184">
<area href="@@LINK@@" alt="@@ALT@@" title="@@TITLE@@" slug="co" shape="poly" coords="216,131,215,144,215,159,214,183,202,183,188,182,172,180,164,179,153,178,142,177,149,125,163,127,179,129,195,130,202,130">
<area href="@@LINK@@" alt="@@ALT@@" title="@@TITLE@@" slug="ut" shape="poly" coords="103,105,131,109,130,122,135,124,148,125,142,176,131,175,122,174,113,173,107,171,100,171,96,169,92,170">
<area href="@@LINK@@" alt="@@ALT@@" title="@@TITLE@@" slug="az" shape="poly" coords="133,249,142,177,135,175,127,174,118,174,111,172,106,171,102,171,98,170,93,170,90,175,90,180,86,180,83,180,83,184,83,189,80,192,82,198,84,202,81,205,81,210,77,214,77,220,77,220,76,222,73,223,80,229,96,238,112,246,119,248">
<area href="@@LINK@@" alt="@@ALT@@" title="@@TITLE@@" slug="nm" shape="poly" coords="142,250,142,244,160,246,160,244,198,246,202,190,203,189,202,184,180,182,164,179,152,178,142,177,134,249">
<area href="@@LINK@@" alt="@@ALT@@" title="@@TITLE@@" slug="ar" shape="poly" coords="289,190,310,190,334,188,336,190,333,194,340,195,338,198,335,202,336,207,333,210,332,213,330,216,329,219,327,223,325,228,327,230,328,234,296,235,296,234,296,229,292,227,292,209,292,202,289,196">
<area href="@@LINK@@" alt="@@ALT@@" title="@@TITLE@@" slug="ms" shape="poly" coords="347,271,353,265,356,265,359,266,359,260,359,252,357,247,358,231,358,222,358,210,357,207,349,207,337,208,334,208,332,216,328,224,326,227,328,231,328,235,329,240,330,242,328,247,326,254,325,260,330,261,338,260,344,259,346,263">
<area href="@@LINK@@" alt="@@ALT@@" title="@@TITLE@@" slug="al" shape="poly" coords="384,204,359,205,359,209,358,238,357,242,358,248,359,251,359,266,362,265,362,260,365,265,367,265,371,265,369,262,368,259,368,256,396,254,394,248,393,244,394,239,395,239,392,232,390,225,387,217">
<area href="@@LINK@@" alt="@@ALT@@" title="@@TITLE@@" slug="fl" shape="poly" coords="459,319,459,314,461,310,460,306,461,300,456,292,453,286,451,281,446,273,440,261,436,252,432,251,430,252,430,257,428,255,399,257,396,254,369,256,369,262,373,264,378,263,384,263,387,264,390,264,393,268,395,271,401,269,403,266,408,265,413,266,417,269,420,271,426,276,426,281,426,285,425,287,425,291,429,292,427,294,429,296,434,302,440,305,440,309,444,313,448,316,452,319,456,320">
<area href="@@LINK@@" alt="@@ALT@@" title="@@TITLE@@" slug="ga" shape="poly" coords="409,200,400,201,384,203,386,214,389,222,391,229,394,234,395,238,394,244,395,250,397,255,404,257,412,256,420,255,428,255,431,251,434,251,435,244,436,238,438,234,433,227,426,219,417,211,413,205">
<area href="@@LINK@@" alt="@@ALT@@" title="@@TITLE@@" slug="sc" shape="poly" coords="439,233,441,228,446,225,451,219,454,213,459,206,450,199,445,196,438,197,434,198,430,195,422,195,416,196,409,200,411,206,417,210,422,213,428,221,434,227">
<area href="@@LINK@@" alt="@@ALT@@" title="@@TITLE@@" slug="nc" shape="poly" coords="421,177,421,181,416,184,411,186,408,189,405,193,400,193,399,198,397,198,397,201,407,200,411,199,418,195,424,195,429,194,433,196,435,197,440,197,446,196,450,198,453,201,457,204,460,206,465,204,465,201,467,198,470,194,474,192,479,191,477,187,476,183,479,182,483,178,482,174,477,174,479,172,480,169,476,167,457,171,442,174">
<area href="@@LINK@@" alt="@@ALT@@" title="@@TITLE@@" slug="va" shape="poly" coords="447,135,452,137,456,135,459,138,462,140,460,144,462,147,468,149,472,151,472,153,473,157,474,160,478,163,477,167,467,168,457,171,446,173,435,175,427,176,419,176,414,178,403,179,407,176,411,171,415,167,420,168,424,167,428,166,433,163,434,158,435,154,438,149,441,148,445,143,446,139">
<area href="@@LINK@@" alt="@@ALT@@" title="@@TITLE@@" slug="wv" shape="poly" coords="408,155,412,153,411,148,415,146,417,142,421,139,423,135,423,131,424,126,425,132,427,136,432,134,435,134,437,138,437,140,440,136,445,134,448,132,452,133,455,135,458,137,463,139,466,141,468,144,470,147,468,149,464,147,462,145,460,143,455,139,451,137,448,136,445,139,444,144,440,148,437,149,436,151,435,155,433,158,433,162,428,165,425,167,421,168,417,168,413,166,410,161">
<area href="@@LINK@@" alt="@@ALT@@" title="@@TITLE@@" slug="de" shape="poly" coords="482,137,477,134,475,131,474,125,472,128,473,134,475,138,478,141,480,140">
<area href="@@LINK@@" alt="@@ALT@@" title="@@TITLE@@" slug="ri" shape="poly" coords="505,87,506,90,507,93,505,97,503,95,503,92,502,89">
<area href="@@LINK@@" alt="@@ALT@@" title="@@TITLE@@" slug="nj" shape="poly" coords="476,102,480,104,483,105,485,107,484,110,484,113,487,114,486,119,487,124,485,129,482,134,480,131,476,129,474,126,475,122,479,120,481,118,478,116,475,114,475,106,477,106">
<area href="@@LINK@@" alt="@@ALT@@" title="@@TITLE@@" slug="ny" shape="poly" coords="454,71,458,65,463,60,467,57,474,56,478,55,479,60,480,64,481,70,482,72,485,78,485,84,486,92,487,96,488,101,487,106,492,105,498,103,503,101,499,105,495,107,490,109,486,111,485,107,484,105,479,103,474,101,472,99,469,96,465,96,456,98,449,101,440,102,433,104,429,106,427,103,428,99,432,96,435,94,434,91,432,88,432,87,435,85,441,84,447,84,449,84,453,81,456,80,457,76">
<area href="@@LINK@@" alt="@@ALT@@" title="@@TITLE@@" slug="ct" shape="poly" coords="503,97,502,94,503,91,501,89,497,89,491,91,486,91,487,96,488,100,488,105,492,102,496,100,500,98">
<area href="@@LINK@@" alt="@@ALT@@" title="@@TITLE@@" slug="ma" shape="poly" coords="486,82,486,86,487,90,491,90,497,89,501,88,505,88,509,90,510,92,512,90,516,90,519,88,517,83,517,85,515,87,513,86,512,84,510,83,507,83,507,81,510,78,509,77,506,76,503,78,498,80,494,81,489,81">
<area href="@@LINK@@" alt="@@ALT@@" title="@@TITLE@@" slug="vt" shape="poly" coords="478,54,485,52,491,51,494,52,495,56,492,59,492,64,492,68,492,74,492,79,488,82,485,82,485,76,482,73,481,69,480,62,479,58">
<area href="@@LINK@@" alt="@@ALT@@" title="@@TITLE@@" slug="nh" shape="poly" coords="497,46,499,52,501,57,503,63,504,69,507,72,508,75,503,77,498,80,492,80,492,73,492,63,492,58,496,57,494,52,493,50,494,48">
<area href="@@LINK@@" alt="@@ALT@@" title="@@TITLE@@" slug="me" shape="poly" coords="508,72,509,68,510,64,512,60,516,58,520,56,519,52,523,51,526,48,530,45,534,44,534,39,531,37,527,32,524,32,522,24,520,18,518,14,513,13,508,15,506,15,504,18,503,23,501,28,501,32,502,36,500,40,498,44,498,47,500,52,500,55,503,62,505,66,506,69">
<area href="@@LINK@@" alt="@@ALT@@" title="@@TITLE@@" slug="oh" shape="poly" coords="381,116,388,115,393,114,398,116,403,116,410,115,413,111,419,108,422,106,422,114,423,117,423,123,423,127,422,131,422,136,418,140,414,144,411,149,410,153,407,154,404,152,401,153,395,153,392,151,389,149,386,149,384,146,383,137,382,124">
<area href="@@LINK@@" alt="@@ALT@@" title="@@TITLE@@" slug="tn" shape="poly" coords="341,187,345,187,351,187,355,187,357,184,360,184,368,183,374,182,382,182,389,182,394,181,402,180,406,180,416,178,420,177,420,180,416,183,412,185,409,189,405,191,400,193,399,195,396,199,395,202,390,202,385,203,382,204,375,203,368,204,362,205,358,206,354,206,348,207,342,207,337,207,336,203,338,200,340,198,341,196,341,192">
<area href="@@LINK@@" alt="@@ALT@@" title="@@TITLE@@" slug="ky" shape="poly" coords="383,149,387,149,391,151,395,153,401,153,404,153,407,154,407,158,409,162,411,166,411,170,409,172,407,176,402,179,396,180,391,181,385,182,375,182,369,182,366,183,361,184,357,184,353,186,348,186,344,187,344,185,344,181,343,179,346,178,349,179,352,179,352,176,353,173,354,170,356,168,361,168,363,168,366,167,367,166,373,163,375,164,378,160,378,157,381,154,383,152">
<area href="@@LINK@@" alt="@@ALT@@" title="@@TITLE@@" slug="in" shape="poly" coords="355,119,357,120,362,118,364,118,369,117,374,116,380,116,380,118,381,123,382,126,383,131,383,136,384,142,384,146,384,149,383,152,380,155,378,158,376,161,376,163,370,163,369,166,365,167,361,167,357,167,354,168,355,165,356,163,358,161,359,157,358,153,357,151,357,145,357,138,357,134,356,127,356,122">
<area href="@@LINK@@" alt="@@ALT@@" title="@@TITLE@@" slug="mi" shape="poly" coords="374,64,378,64,381,66,384,67,387,68,388,71,389,74,390,79,388,82,386,86,385,89,387,91,390,88,392,85,395,83,398,86,399,91,400,95,400,101,399,101,398,104,395,107,395,111,392,114,388,115,381,116,379,115,375,116,370,116,366,116,362,117,363,113,366,110,366,106,365,102,364,99,362,94,362,91,361,86,362,82,362,76,366,74,369,76,370,75,372,72,371,68,373,66">
<area href="@@LINK@@" alt="@@ALT@@" title="@@TITLE@@" slug="wi" shape="poly" coords="347,67,348,71,350,75,348,77,345,81,348,83,351,80,353,79,352,84,352,87,350,91,351,94,349,99,351,104,351,109,345,109,339,110,334,110,328,110,324,110,321,108,320,108,319,103,318,98,317,94,315,92,311,88,307,86,305,84,304,77,304,73,303,72,302,68,306,67,308,66,308,62,307,59,310,57,317,56,319,55,319,57,321,59,324,60,326,61,330,62,335,64,339,65,343,66">
<area href="@@LINK@@" alt="@@ALT@@" title="@@TITLE@@" slug="il" shape="poly" coords="332,158,327,157,327,154,325,151,321,148,318,144,318,138,321,135,323,132,322,128,325,125,328,123,330,119,330,115,325,110,330,110,335,110,342,111,345,109,350,109,352,111,353,115,354,118,356,120,355,126,356,132,357,141,357,147,357,154,358,158,356,162,354,165,354,168,354,173,351,175,351,178,346,178,345,180,341,179,341,177,341,174,338,170,332,167,331,163">
<area href="@@LINK@@" alt="@@ALT@@" title="@@TITLE@@" slug="mo" shape="poly" coords="277,137,279,140,281,144,284,146,286,147,283,152,285,154,288,157,288,161,288,167,289,172,289,179,289,186,289,190,304,190,310,190,315,189,320,189,326,188,330,188,334,188,336,190,334,194,337,194,340,194,340,190,340,187,344,186,344,180,341,179,340,174,338,170,334,169,331,166,331,161,332,158,327,157,326,152,323,150,320,147,318,144,318,138,316,137,300,136,286,137">
<area href="@@LINK@@" alt="@@ALT@@" title="@@TITLE@@" slug="pa" shape="poly" coords="421,106,427,102,429,106,436,104,445,102,451,101,456,99,463,97,469,96,472,99,476,102,477,105,475,108,475,112,477,116,479,119,476,122,472,124,469,126,460,128,453,130,447,130,440,132,435,133,430,134,428,135,425,132,425,128,423,124,422,115">
<area href="@@LINK@@" alt="@@ALT@@" title="@@TITLE@@" slug="md" shape="poly" coords="435,133,437,139,441,135,446,134,451,132,456,135,460,137,465,141,467,141,466,137,466,132,469,130,470,135,470,140,474,145,477,148,480,146,482,141,477,141,474,137,471,131,473,125,468,127,462,128,456,129">