<area shape="poly" href="@@LINK@@" alt="@@ALT@@" title="@@TITLE@@" slug="ma" coords="77,83,116,87,119,76,143,67,165,56,167,50,178,46,188,46,191,44,185,34,185,18,161,13,159,7,156,7,143,22,138,28,129,28,112,47,112,58,102,70" />
<area shape="poly" href="@@LINK@@" alt="@@ALT@@" title="@@TITLE@@" slug="eh" coords="75,83,116,88,113,104,83,101,79,127,69,131,66,149,29,145,45,121,59,102,70,92" />
<area shape="poly" href="@@LINK@@" alt="@@ALT@@" title="@@TITLE@@" slug="mr" coords="114,104,116,93,145,115,130,115,130,203,132,204,130,212,93,211,91,209,78,212,73,209,67,216,46,197,29,196,26,198,34,177,32,162,35,156,29,149,30,146,66,149,69,132,80,128,83,101" />
<area shape="poly" href="@@LINK@@" alt="@@ALT@@" title="@@TITLE@@" slug="gm" coords="22,227,42,227,49,230,22,231,20,227" />
<area shape="poly" href="@@LINK@@" alt="@@ALT@@" title="@@TITLE@@" slug="sn" coords="21,226,23,221,15,214,28,198,45,197,66,216,66,227,71,243,57,240,44,235,23,238,20,231,47,230,42,225,26,223" />
<area shape="poly" href="@@LINK@@" alt="@@ALT@@" title="@@TITLE@@" slug="gw" coords="22,240,48,237,49,245,46,248,38,250,36,254,32,247" />
<area shape="poly" href="@@LINK@@" alt="@@ALT@@" title="@@TITLE@@" slug="gn" coords="50,275,36,256,40,250,45,249,49,244,49,238,68,244,75,246,83,247,93,243,95,249,98,254,96,255,103,266,101,273,104,283,99,284,100,288,95,293,89,295,85,283,79,283,71,268,58,270" />
<area shape="poly" href="@@LINK@@" alt="@@ALT@@" title="@@TITLE@@" slug="sl" coords="67,299,79,284,72,269,62,269,50,275,49,282,58,290,57,293" />
<area shape="poly" href="@@LINK@@" alt="@@ALT@@" title="@@TITLE@@" slug="lr" coords="68,299,79,284,84,283,88,295,96,293,97,305,106,314,104,325,86,318,73,308" />
<area shape="poly" href="@@LINK@@" alt="@@ALT@@" title="@@TITLE@@" slug="ml" coords="145,116,131,116,130,203,131,205,131,212,94,212,90,210,79,212,74,210,67,217,67,226,72,244,84,245,93,243,98,253,98,255,103,265,112,266,118,262,120,266,126,266,128,253,140,244,142,236,149,236,155,228,161,229,164,226,177,219,185,220,198,218,217,217,223,210,227,180,216,179,216,171,200,164,198,158" />
<area shape="poly" href="@@LINK@@" alt="@@ALT@@" title="@@TITLE@@" slug="ci" coords="105,326,106,315,97,305,97,293,100,288,99,285,104,282,101,274,103,266,110,267,117,263,120,267,125,267,130,267,136,273,146,271,154,276,155,289,148,303,151,318,148,320,135,319" />
<area shape="poly" href="@@LINK@@" alt="@@ALT@@" title="@@TITLE@@" slug="bf" coords="154,275,147,271,137,273,132,266,128,266,128,253,140,245,141,237,150,236,156,229,161,230,178,220,186,221,186,229,194,235,192,240,198,245,201,244,206,253,192,261,154,259" />
<area shape="poly" href="@@LINK@@" alt="@@ALT@@" title="@@TITLE@@" slug="gh" coords="149,321,152,319,148,304,156,289,154,261,180,260,184,271,183,284,187,290,186,306,192,312,162,323" />
<area shape="poly" href="@@LINK@@" alt="@@ALT@@" title="@@TITLE@@" slug="tg" coords="181,260,192,262,194,272,196,310,193,312,187,306,187,288,183,284,184,270" />
<area shape="poly" href="@@LINK@@" alt="@@ALT@@" title="@@TITLE@@" slug="bj" coords="207,309,196,309,193,261,206,255,205,251,209,249,217,255,218,268,211,278" />
<area shape="poly" href="@@LINK@@" alt="@@ALT@@" title="@@TITLE@@" slug="dz" coords="116,92,120,76,165,57,167,52,188,45,191,45,185,35,185,18,228,4,275,4,274,20,266,33,278,51,281,68,284,83,283,106,279,110,287,127,297,129,301,136,242,176,228,179,218,178,216,171,201,164,180,144,145,116" />
<area shape="poly" href="@@LINK@@" alt="@@ALT@@" title="@@TITLE@@" slug="tn" coords="274,21,275,5,287,1,290,5,297,4,292,12,297,17,294,25,288,29,288,32,300,41,300,48,288,58,286,66,282,70,278,48,266,32" />
<area shape="poly" href="@@LINK@@" alt="@@ALT@@" title="@@TITLE@@" slug="ng" coords="208,308,221,309,234,317,239,329,250,327,254,329,262,329,278,306,285,304,292,309,317,266,327,255,322,250,315,239,305,243,287,240,273,246,259,239,251,242,242,236,225,238,217,255,218,268,211,278" />
<area shape="poly" href="@@LINK@@" alt="@@ALT@@" title="@@TITLE@@" slug="cm" coords="279,351,292,353,322,352,340,357,343,351,340,342,328,328,325,316,336,298,322,276,325,274,337,274,331,262,330,251,327,246,322,246,321,251,327,256,317,266,292,308,285,304,280,304,263,326,269,328,270,333,276,334" />
<area shape="poly" href="@@LINK@@" alt="@@ALT@@" title="@@TITLE@@" slug="ne" coords="228,180,241,177,302,136,315,140,321,146,329,144,331,156,338,168,337,173,335,203,318,227,314,238,306,241,287,239,275,243,263,240,252,240,242,236,233,234,225,237,217,253,209,248,206,251,202,244,199,244,193,241,195,236,187,229,185,220,217,218,224,209" />
<area shape="poly" href="@@LINK@@" alt="@@ALT@@" title="@@TITLE@@" slug="gq" coords="294,354,293,363,278,364,275,362,279,352" />
<area shape="poly" href="@@LINK@@" alt="@@ALT@@" title="@@TITLE@@" slug="ga" coords="294,363,294,353,312,353,312,362,324,362,325,366,320,373,325,381,323,395,320,399,319,396,313,398,307,393,306,398,296,400,296,403,300,410,297,410,295,410,293,414,267,382,270,381,272,373,279,373,273,369,277,367,278,365" />
<area shape="poly" href="@@LINK@@" alt="@@ALT@@" title="@@TITLE@@" slug="ly" coords="340,137,416,175,417,172,426,172,419,60,420,55,402,48,399,43,389,43,376,51,374,55,377,60,374,66,368,69,336,57,332,49,324,47,320,46,317,44,312,44,300,41,300,47,288,58,288,67,282,69,284,80,284,107,279,110,289,127,297,129,302,135,314,138,323,146" />
<area shape="poly" href="@@LINK@@" alt="@@ALT@@" title="@@TITLE@@" slug="eg" coords="426,150,420,54,438,55,439,57,452,61,462,59,466,54,472,54,480,54,482,56,488,56,501,54,510,70,506,86,503,87,490,68,487,70,523,125,524,135,521,139,519,139,518,143,512,145,512,149" />
<area shape="poly" href="@@LINK@@" alt="@@ALT@@" title="@@TITLE@@" slug="td" coords="331,143,340,138,417,175,418,215,413,215,404,225,404,228,398,244,401,247,408,258,409,264,401,266,384,282,370,283,371,287,367,293,348,297,344,295,336,297,323,276,324,274,337,274,331,265,331,254,327,247,327,245,332,244,329,240,324,240,324,236,319,236,318,232,317,226,336,204,339,171,339,168,332,157" />
<area shape="poly" href="@@LINK@@" alt="@@ALT@@" title="@@TITLE@@" slug="cf" coords="336,298,344,296,349,297,366,293,372,287,370,284,383,284,392,275,402,267,408,266,417,274,416,285,422,288,423,291,433,295,435,299,455,322,442,322,436,320,431,322,423,323,409,326,404,332,394,331,377,322,367,331,368,340,351,338,347,340,343,347,338,339,328,327,326,316" />
<area shape="poly" href="@@LINK@@" alt="@@ALT@@" title="@@TITLE@@" slug="sd" coords="426,151,512,150,512,147,519,144,519,139,524,136,538,148,547,178,556,186,545,195,542,209,540,232,531,251,530,261,524,262,521,284,514,285,510,291,525,301,531,315,537,318,540,323,526,325,518,333,490,336,477,326,468,329,455,322,438,300,435,296,427,291,422,287,419,286,417,274,410,266,403,246,399,244,408,222,412,216,419,216,417,172" />
<area shape="poly" href="@@LINK@@" alt="@@ALT@@" title="@@TITLE@@" slug="er" coords="558,187,546,196,544,204,541,232,544,233,549,228,554,232,554,221,560,227,567,225,574,227,586,237,592,239,599,244,606,239,581,217,572,214" />
<area shape="poly" href="@@LINK@@" alt="@@ALT@@" title="@@TITLE@@" slug="dj" coords="605,241,599,246,596,255,606,256,609,251" />
<area shape="poly" href="@@LINK@@" alt="@@ALT@@" title="@@TITLE@@" slug="et" coords="657,284,629,318,615,319,601,329,592,328,581,329,576,334,561,333,552,326,540,324,537,317,531,315,526,302,512,292,514,287,522,284,525,263,531,263,531,251,540,232,543,234,549,230,554,233,554,222,560,228,571,228,585,237,592,240,596,256,605,255,606,263,618,276" />
<area shape="poly" href="@@LINK@@" alt="@@ALT@@" title="@@TITLE@@" slug="so" coords="598,387,593,380,592,342,600,330,615,320,628,319,657,284,620,276,606,262,610,251,620,261,634,257,641,257,651,252,682,243,686,257,683,261,682,270,666,307,657,324,618,364,606,376" />
<area shape="poly" href="@@LINK@@" alt="@@ALT@@" title="@@TITLE@@" slug="ke" coords="598,387,590,398,585,401,575,417,560,405,560,403,523,383,524,378,531,376,531,375,526,374,524,370,534,353,523,331,527,327,539,326,540,335,546,343,548,351,550,345,546,338,544,326,553,326,560,334,573,336,581,330,598,330,592,341,591,362,592,379" />
<area shape="poly" href="@@LINK@@" alt="@@ALT@@" title="@@TITLE@@" slug="ug" coords="490,336,490,346,494,349,497,353,488,362,485,360,484,364,480,385,498,384,502,375,506,370,513,370,516,367,521,369,532,353,523,332,516,334" />
<area shape="poly" href="@@LINK@@" alt="@@ALT@@" title="@@TITLE@@" slug="rw" coords="473,400,481,400,481,397,487,397,490,396,488,386,481,384,474,391" />
<area shape="poly" href="@@LINK@@" alt="@@ALT@@" title="@@TITLE@@" slug="bi" coords="479,417,491,407,488,403,488,398,482,397,482,399,473,400,475,410" />
<area shape="poly" href="@@LINK@@" alt="@@ALT@@" title="@@TITLE@@" slug="cg" coords="292,414,301,425,308,419,317,422,319,420,324,418,326,423,342,411,344,395,359,377,367,342,352,338,343,347,340,356,326,353,314,353,313,363,324,363,325,367,320,371,325,381,325,396,320,399,316,396,312,398,307,394,306,398,298,401,301,410" />
<area shape="poly" href="@@LINK@@" alt="@@ALT@@" title="@@TITLE@@" slug="zr" coords="306,435,304,426,310,422,316,423,324,420,327,423,342,412,343,396,360,375,367,340,369,336,366,333,376,323,394,331,402,333,408,327,431,323,435,322,441,322,455,323,467,329,476,327,489,336,489,346,494,352,484,359,481,373,475,378,480,379,476,388,472,398,473,416,472,423,475,429,474,433,477,442,483,448,484,453,486,458,471,459,465,467,467,478,465,494,475,500,478,497,476,509,468,508,452,493,447,495,434,490,434,488,424,489,420,484,405,487,400,472,399,449,388,448,387,446,375,444,375,453,356,455,346,434" />
<area shape="poly" href="@@LINK@@" alt="@@ALT@@" title="@@TITLE@@" slug="tz" coords="584,479,564,488,559,487,552,491,531,490,526,484,525,472,511,468,494,461,488,451,488,442,485,439,480,436,483,433,480,424,479,421,490,406,488,399,491,396,490,387,499,384,499,398,502,399,504,396,509,399,510,404,511,397,517,398,522,394,515,394,523,385,557,402,559,404,574,419,570,433,575,442,574,449,577,466,577,471" />
<area shape="poly" href="@@LINK@@" alt="@@ALT@@" title="@@TITLE@@" slug="ao" coords="299,548,299,534,308,507,318,495,317,479,310,464,314,460,303,435,345,435,356,454,375,454,376,445,386,448,399,450,401,474,403,486,419,484,420,505,401,505,400,537,412,551,386,554,364,548,316,548,311,545" />
<area shape="poly" href="@@LINK@@" alt="@@ALT@@" title="@@TITLE@@" slug="na" coords="298,548,298,555,326,601,332,644,344,659,349,655,352,660,367,663,375,659,379,596,388,596,390,559,412,557,416,560,430,554,422,550,385,554,364,550,317,549,311,546" />
<area shape="poly" href="@@LINK@@" alt="@@ALT@@" title="@@TITLE@@" slug="zm" coords="421,505,401,506,400,537,412,550,423,550,446,556,466,543,469,535,483,532,481,527,512,517,506,510,514,501,515,483,517,480,509,468,486,459,474,459,466,467,467,478,466,483,466,493,473,498,478,498,476,509,467,509,451,494,448,495,434,492,433,490,426,490,420,485" />
<area shape="poly" href="@@LINK@@" alt="@@ALT@@" title="@@TITLE@@" slug="bw" coords="379,596,379,622,384,630,384,641,397,642,407,628,428,632,434,624,440,622,445,613,468,597,457,592,455,584,443,574,431,555,417,560,413,558,391,559,388,596" />
<area shape="poly" href="@@LINK@@" alt="@@ALT@@" title="@@TITLE@@" slug="ls" coords="449,680,442,672,455,661,466,669" />
<area shape="poly" href="@@LINK@@" alt="@@ALT@@" title="@@TITLE@@" slug="sz" coords="490,635,486,633,481,637,481,645,489,648,490,642" />
<area shape="poly" href="@@LINK@@" alt="@@ALT@@" title="@@TITLE@@" slug="za" coords="345,659,361,694,356,702,361,714,364,713,375,720,393,713,417,713,424,711,431,712,464,689,478,676,497,644,492,643,491,612,487,601,470,598,448,612,441,622,434,625,430,632,408,628,397,641,384,641,382,630,379,623,375,658,369,663,353,661,350,657" />
<area shape="poly" href="@@LINK@@" alt="@@ALT@@" title="@@TITLE@@" slug="zw" coords="482,533,483,536,488,536,506,543,507,556,504,562,506,573,500,590,488,599,469,598,466,595,458,592,454,583,443,573,432,555,447,557,467,545,469,536" />
<area shape="poly" href="@@LINK@@" alt="@@ALT@@" title="@@TITLE@@" slug="mw" coords="510,468,518,479,515,482,514,502,511,506,506,509,515,519,519,519,524,522,521,533,527,544,528,543,534,538,536,522,530,520,524,518,522,507,520,499,522,493,522,482,520,472" />
<area shape="poly" href="@@LINK@@" alt="@@ALT@@" title="@@TITLE@@" slug="mz" coords="531,491,551,493,559,489,584,481,586,497,582,507,585,522,574,540,545,556,535,565,523,575,526,600,525,620,507,627,496,638,492,611,489,601,501,588,506,573,504,562,508,555,507,545,485,536,483,529,509,517,514,520,519,520,523,522,523,533,527,546,535,537,538,522,530,512,529,500" />
<area shape="poly" href="@@LINK@@" alt="@@ALT@@" title="@@TITLE@@" slug="mg" coords="634,629,626,631,618,632,604,627,602,599,602,588,613,578,615,566,611,560,618,547,618,543,627,538,637,536,641,531,645,531,650,527,654,524,654,520,656,512,663,509,668,497,670,497,675,510,678,527,675,534,670,534,671,541,665,560,657,571,656,581,649,595,643,608" />
