<area href="@@LINK@@" alt="@@ALT@@" title="@@TITLE@@" slug="wa" shape="poly" coords="44,3,43,7,43,11,43,16,43,20,40,24,35,25,38,19,39,14,34,11,30,9,26,7,25,11,26,16,27,22,28,26,27,30,26,33,29,34,32,37,34,40,34,44,36,46,40,47,43,47,47,48,50,48,54,48,57,48,62,49,66,49,70,49,73,50,77,51,81,52,82,47,84,42,86,36,87,31,88,26,89,21,90,16,87,13,83,13,79,12,69,9,60,7,52,6,48,4" />
<area href="@@LINK@@" alt="@@ALT@@" title="@@TITLE@@" slug="id" shape="poly" coords="91,15,94,16,98,16,97,21,97,26,97,30,98,34,99,38,103,44,106,48,106,53,104,58,104,63,108,62,110,67,111,71,113,75,114,78,117,79,122,79,125,79,130,78,125,113,127,103,129,93,130,84,130,89,128,99,127,108,120,113,115,111,107,110,100,109,95,108,86,107,80,105,75,104,71,100,72,94,74,89,75,84,76,81,77,77,78,75,76,72,77,71,80,67,82,65,85,61,86,57,85,53,83,49,84,44,86,40,87,36,88,29,89,24,90,18" />
<area href="@@LINK@@" alt="@@ALT@@" title="@@TITLE@@" slug="or" shape="poly" coords="31,37,26,37,23,42,22,45,21,50,19,55,16,62,17,58,15,65,13,69,11,73,8,76,8,79,7,84,8,87,12,88,16,90,20,91,23,92,27,93,31,94,37,96,42,97,47,98,52,99,56,100,60,101,63,102,66,102,71,103,73,100,73,93,74,87,76,83,77,77,77,72,79,68,83,63,86,57,84,54,81,53,77,52,72,51,67,50,62,50,57,50,52,50,49,50,45,49,42,48,38,48,34,46,32,43,33,39" />
<area href="@@LINK@@" alt="@@ALT@@" title="@@TITLE@@" slug="mt" shape="poly" coords="132,75,129,78,124,78,119,78,114,78,113,74,111,69,110,65,108,62,105,59,105,55,106,51,106,47,105,45,102,41,100,38,98,33,97,27,97,21,98,18,102,17,106,18,110,19,114,20,118,20,122,21,126,21,130,22,133,23,137,23,142,23,144,25,148,26,152,26,157,27,161,28,165,28,168,28,174,29,177,29,181,30,185,30,189,30,193,31,197,31,199,34,199,38,198,41,198,47,197,52,197,57,196,63,196,67,195,70,196,74,196,78,195,81,193,83,188,82,184,80,181,80,177,80,174,79,171,79,168,79,163,78,159,78,155,78,151,77,147,77,143,76,140,76,136,75" />
<area href="@@LINK@@" alt="@@ALT@@" title="@@TITLE@@" slug="ca" shape="poly" coords="7,88,7,92,6,96,5,98,3,103,1,106,1,109,2,113,2,116,2,121,1,124,1,130,2,132,4,135,6,139,7,143,10,143,14,144,11,147,10,150,7,149,9,154,10,157,11,160,9,165,9,168,11,173,13,177,15,180,17,185,16,189,16,193,19,194,23,196,26,198,29,202,32,204,35,208,39,211,41,213,43,216,43,219,44,222,44,225,46,226,48,226,50,227,54,227,58,228,62,228,66,229,68,229,72,227,71,222,72,218,75,216,75,211,78,210,77,204,76,198,73,193,69,188,65,183,62,179,59,174,56,170,53,165,51,161,49,156,45,152,43,147,40,145,37,141,36,137,36,133,36,129,38,123,39,118,41,112,42,108,43,105,44,100,41,98,36,96,30,95,27,93,22,92,19,91,15,90,11,89" />
<area href="@@LINK@@" alt="@@ALT@@" title="@@TITLE@@" slug="nv" shape="poly" coords="44,99,48,100,52,102,57,102,60,103,64,104,68,105,72,105,75,105,78,108,84,108,87,110,91,111,95,111,98,112,98,116,98,118,96,123,95,129,95,134,94,140,92,146,91,151,91,154,90,158,89,164,88,169,87,173,86,177,85,182,85,185,83,188,81,187,77,185,77,188,77,190,77,194,77,198,73,195,70,191,68,188,65,185,63,180,60,176,57,173,55,168,51,163,49,159,46,154,44,149,41,145,38,141,36,138,35,134,36,129,38,124,39,121,41,116,41,112,43,106,44,102" />
<area href="@@LINK@@" alt="@@ALT@@" title="@@TITLE@@" slug="wy" shape="poly" coords="133,76,131,80,131,83,131,87,130,92,129,97,129,101,128,104,127,110,126,115,125,119,125,123,125,127,128,127,132,128,138,129,142,130,146,130,151,131,155,131,161,132,165,132,170,133,174,134,179,134,185,135,192,135,188,134,191,130,191,123,191,116,192,112,192,105,192,100,193,95,194,90,194,85,191,83,186,82,180,81,173,81,171,80,165,80,159,79,154,78,148,78,143,78,138,76" />
<area href="@@LINK@@" alt="@@ALT@@" title="@@TITLE@@" slug="ut" shape="poly" coords="99,111,103,110,106,111,111,112,116,113,121,114,125,115,126,118,125,122,125,126,127,128,130,129,137,131,141,131,142,135,142,139,140,145,140,152,139,158,137,164,136,172,136,179,135,182,131,181,126,180,121,179,115,179,110,178,106,178,100,176,94,175,89,174,85,172,86,166,88,163,90,154,92,146,94,136,96,128,97,123,98,117" />
<area href="@@LINK@@" alt="@@ALT@@" title="@@TITLE@@" slug="az" shape="poly" coords="87,175,87,179,86,182,85,185,84,188,81,187,77,185,77,188,78,193,77,198,77,201,77,205,79,210,78,212,77,214,75,217,74,218,72,223,73,226,70,229,70,232,74,234,77,237,80,239,83,241,87,243,90,245,93,247,96,249,98,251,102,252,105,254,110,255,113,255,117,255,120,256,125,256,126,250,127,244,128,240,128,236,129,231,130,227,130,223,131,218,131,214,132,209,132,204,133,200,133,196,134,190,135,186,134,182,129,181,125,180,120,180,114,179,110,178,105,178,100,177,96,176,90,175" />
<area href="@@LINK@@" alt="@@ALT@@" title="@@TITLE@@" slug="ak" shape="poly" coords="86,282,87,285,87,287,87,290,87,294,87,300,87,304,88,309,89,313,90,317,91,320,95,322,99,323,101,322,103,324,106,327,110,330,113,333,116,337,113,337,111,335,109,333,106,331,104,329,101,327,96,325,89,322,87,322,82,320,79,319,76,319,74,321,71,324,69,325,70,320,72,317,70,317,66,321,65,324,65,327,63,330,65,332,59,331,56,334,52,337,46,339,40,340,32,342,36,339,40,338,42,337,46,335,48,334,52,332,55,329,56,327,52,325,49,324,47,322,44,320,43,317,42,314,43,311,46,309,49,308,52,308,53,305,53,303,49,302,46,301,43,300,42,297,43,295,46,294,49,294,51,295,55,296,54,293,52,291,50,288,47,285,49,283,51,283,52,281,55,279,58,277,61,276,64,276,67,276,70,278,73,279,79,281,84,281" />
<area href="@@LINK@@" alt="@@ALT@@" title="@@TITLE@@" slug="hi" shape="poly" coords="199,348,203,348,205,346,206,344,205,339,202,336,199,334,197,333,192,333,191,335,190,339,190,342,192,347,193,350,196,352,187,326,190,325,192,323,187,321,185,320,182,322,184,325,184,328,178,323,180,319,176,317,174,317,167,314,164,310,162,310,161,313,164,314,146,304,146,301,143,300,139,302,143,305,136,305" />	
<area href="@@LINK@@" alt="@@ALT@@" title="@@TITLE@@" slug="nm" shape="poly" coords="135,252,134,256,133,257,129,257,126,257,126,251,127,246,128,240,130,233,130,227,131,223,132,216,133,212,133,206,133,201,134,195,134,191,135,187,135,184,138,183,141,184,144,184,149,184,153,185,157,185,160,185,165,186,171,186,176,187,180,187,183,188,189,189,193,190,196,190,196,193,194,195,193,198,194,204,194,206,193,211,192,216,191,221,191,226,191,231,192,236,191,240,190,244,191,248,191,251,190,254,185,254,182,254,178,254,173,253,167,253,161,253,155,252,151,252,144,252,139,252,147,252" />
<area href="@@LINK@@" alt="@@ALT@@" title="@@TITLE@@" slug="co" shape="poly" coords="144,131,143,135,142,140,141,144,141,149,141,153,140,157,139,160,137,166,137,168,137,172,137,176,136,180,135,183,139,183,141,183,144,184,147,184,150,184,153,184,157,185,162,186,165,186,170,186,173,186,175,187,179,188,184,188,188,188,193,189,198,189,202,189,206,189,206,184,206,180,206,174,206,170,207,166,206,161,207,157,207,152,207,148,208,142,208,138,208,136,205,135,202,135,200,136,194,135,190,135,186,135,181,135,176,135,171,135,167,134,163,133,160,133,156,132,150,131,147,131" />
<area href="@@LINK@@" alt="@@ALT@@" title="@@TITLE@@" slug="tx" shape="poly" coords="149,253,153,255,155,255,156,258,158,261,160,263,163,266,165,269,168,272,170,275,170,279,170,282,173,285,175,287,178,289,181,291,183,292,185,293,189,291,190,288,191,285,193,283,196,283,200,284,204,286,207,288,209,290,211,292,213,294,214,298,215,300,217,304,219,308,220,310,222,312,224,315,225,320,227,323,228,326,230,329,233,332,237,334,243,335,247,335,248,332,247,327,247,323,247,319,246,317,247,314,250,311,251,308,253,305,256,304,259,302,263,302,266,301,271,298,273,297,275,293,275,290,275,288,278,289,279,289,282,289,284,288,287,286,289,283,288,279,289,276,290,272,290,268,289,264,287,260,285,258,284,255,284,251,284,248,284,244,284,240,284,237,280,236,278,236,275,234,273,233,268,232,266,233,264,234,262,234,260,234,257,233,256,233,253,234,250,233,248,232,244,232,243,231,240,230,239,229,235,228,231,228,231,226,228,225,226,225,225,223,223,221,223,218,223,216,224,212,224,208,224,206,224,203,224,200,224,198,222,196,220,196,216,196,212,196,210,196,208,196,206,196,202,195,198,195,196,196,194,196,193,199,193,203,194,206,194,208,193,211,193,213,193,216,192,218,192,221,192,223,192,227,191,231,191,236,191,240,191,242,190,245,192,248,192,251,191,253,190,255,187,255,183,255,179,255,175,254,171,254,168,254,166,254,163,253,159,253,158,253" />
<area href="@@LINK@@" alt="@@ALT@@" title="@@TITLE@@" slug="ok" shape="poly" coords="195,195,196,191,197,190,200,190,204,189,207,190,209,190,212,190,217,190,222,191,225,191,229,191,234,191,241,192,248,191,254,192,261,192,269,192,276,192,278,191,279,194,279,197,279,200,279,203,279,206,280,208,280,212,280,214,279,218,279,221,279,223,279,227,279,230,279,234,279,235,278,234,275,234,271,233,268,232,264,232,261,232,256,232,252,232,246,231,243,231,241,229,236,228,231,227,230,225,228,224,224,222,223,220,224,213,224,210,224,203,224,198,224,196,222,196,217,196,212,196,206,196,202,196,198,195" />
<area href="@@LINK@@" alt="@@ALT@@" title="@@TITLE@@" slug="ks" shape="poly" coords="279,190,279,186,278,182,278,177,278,172,278,166,278,162,277,161,275,159,274,157,276,154,274,153,272,152,267,152,261,152,258,152,253,151,248,151,240,150,234,150,230,151,225,151,220,150,214,150,210,150,208,150,207,152,207,155,207,159,207,161,207,165,206,169,207,172,207,176,206,180,206,185,206,187,206,189,209,190,213,190,216,190,219,189,222,190,226,190,231,191,235,191,240,192,244,191,250,192,255,192,261,193,265,193,269,192,273,192,276,192" />
<area href="@@LINK@@" alt="@@ALT@@" title="@@TITLE@@" slug="ne" shape="poly" coords="191,134,191,129,191,125,191,122,192,118,192,114,192,111,195,110,199,110,202,110,206,110,209,110,214,111,220,111,224,111,227,111,231,112,236,112,239,112,243,112,245,113,247,114,250,114,252,114,257,115,259,117,261,120,262,123,263,125,264,129,265,131,266,135,267,137,267,138,266,144,268,146,269,148,271,151,269,152,266,152,260,152,257,152,250,152,247,151,243,151,238,151,234,150,230,150,225,150,221,150,215,150,211,149,208,149,207,147,207,144,208,140,208,136,207,135,205,135,202,135,198,136,194,135" />
<area href="@@LINK@@" alt="@@ALT@@" title="@@TITLE@@" slug="sd" shape="poly" coords="196,70,196,72,196,74,196,79,196,82,194,84,194,87,194,93,194,97,194,100,193,105,193,108,197,109,199,110,202,109,205,110,208,110,210,110,213,110,216,110,219,111,225,111,228,111,232,112,236,112,241,112,244,112,248,114,250,114,254,114,257,115,260,116,261,113,261,107,261,103,261,99,261,95,261,90,261,87,262,82,260,79,257,77,260,75,260,73,257,73,255,73,250,73,247,73,243,73,240,72,236,72,231,72,228,73,225,72,221,72,217,72,211,72,209,72,204,71,201,71,199,71" />
<area href="@@LINK@@" alt="@@ALT@@" title="@@TITLE@@" slug="nd" shape="poly" coords="196,69,196,65,196,62,197,60,198,55,198,52,198,49,199,42,199,37,199,32,202,32,205,32,207,32,211,32,216,32,220,32,223,33,230,33,233,34,241,34,245,34,250,34,253,34,256,34,257,36,257,39,257,43,256,46,258,51,259,53,259,56,259,59,259,62,259,66,260,69,261,71,262,73,256,73,251,73,248,73,243,73,239,73,234,72,230,72,227,72,225,72,221,72,216,72,212,71,206,71,203,71,200,71" />
<area href="@@LINK@@" alt="@@ALT@@" title="@@TITLE@@" slug="mn" shape="poly" coords="257,34,260,34,263,34,266,34,268,34,271,34,273,31,275,30,277,32,278,36,282,38,284,39,286,39,290,40,293,40,298,42,301,43,304,46,308,45,311,44,317,47,315,47,313,50,310,52,307,54,303,57,300,61,298,63,298,68,299,70,298,73,295,75,293,77,294,81,294,86,294,88,296,91,298,93,302,95,304,97,307,99,309,102,309,105,307,105,304,105,300,105,296,106,292,105,289,105,286,105,281,105,279,105,275,105,271,105,266,105,262,105,261,101,262,98,262,92,263,89,262,83,261,80,258,78,260,76,261,73,261,69,260,67,259,64,259,61,259,57,258,53,257,50,256,48,256,44,256,41,256,38" />
<area href="@@LINK@@" alt="@@ALT@@" title="@@TITLE@@" slug="ia" shape="poly" coords="310,106,310,108,311,110,311,113,311,115,314,117,316,119,319,122,320,124,320,128,319,130,317,131,313,132,310,134,312,136,313,139,311,142,309,144,306,145,305,144,302,144,300,144,296,144,292,144,288,145,285,145,282,144,278,144,274,144,270,144,267,144,265,140,266,138,266,133,265,131,264,127,263,123,262,121,260,118,259,116,261,113,262,110,262,108,262,105,264,105,266,105,269,106,273,106,277,105,280,105,283,105,287,106,291,106,294,106,297,106,300,106,304,106,307,106" />
<area href="@@LINK@@" alt="@@ALT@@" title="@@TITLE@@" slug="mo" shape="poly" coords="308,147,308,150,309,152,309,155,313,158,315,159,317,163,317,165,320,166,322,167,321,170,320,171,320,175,323,177,325,179,327,181,329,183,330,187,330,190,334,191,333,194,332,196,330,197,329,198,328,201,328,204,326,205,323,205,320,204,321,202,322,200,323,197,320,197,317,198,314,198,310,198,306,199,303,198,300,198,295,199,293,199,289,198,285,198,282,198,280,198,278,196,278,194,279,192,279,189,279,186,279,182,279,178,279,173,279,168,278,164,277,162,276,160,274,158,275,157,276,155,275,154,274,153,271,151,268,148,267,146,266,144,267,143,268,143,273,144,275,144,280,145,285,144,290,144,294,145,299,145,302,145,306,145,309,146" />
<area href="@@LINK@@" alt="@@ALT@@" title="@@TITLE@@" slug="ar" shape="poly" coords="281,199,280,202,280,204,281,206,281,209,281,212,281,216,282,219,281,222,281,224,281,227,281,231,281,233,282,237,283,238,285,239,287,239,286,242,286,244,286,246,290,246,292,246,296,245,298,245,301,245,303,246,306,246,311,246,315,246,316,244,317,240,316,235,316,232,318,228,320,225,322,224,322,221,323,218,326,217,325,214,326,211,328,209,329,206,326,205,324,205,322,206,320,206,322,204,322,202,323,201,323,200,321,199,319,199,317,199,313,200,308,200,305,199,303,199,299,199,296,199,292,200,286,199,285,199,282,199" />
<area href="@@LINK@@" alt="@@ALT@@" title="@@TITLE@@" slug="la" shape="poly" coords="286,245,286,248,286,249,286,252,286,255,287,258,288,260,290,264,291,267,291,270,291,273,291,275,291,278,290,280,289,283,288,287,286,289,289,289,291,288,293,288,295,287,297,288,300,289,305,290,307,290,308,288,310,288,312,288,313,288,315,291,317,292,319,294,322,294,324,294,326,292,329,295,329,293,330,290,332,291,333,292,335,294,338,295,340,296,341,293,338,291,336,291,334,290,334,288,334,287,336,284,333,284,331,283,327,282,324,282,325,280,327,280,330,280,331,280,333,280,334,280,332,276,331,274,332,271,332,269,329,269,327,270,324,270,320,270,315,270,312,270,312,268,311,266,312,263,314,261,315,259,316,256,317,253,317,251,317,248,316,246,316,245,313,245,311,245,308,246,303,246,302,245,299,245,296,245,291,244,289,244" />
<area href="@@LINK@@" alt="@@ALT@@" title="@@TITLE@@" slug="ms" shape="poly" coords="324,217,322,220,320,222,319,225,318,227,316,231,316,234,316,236,316,240,316,243,316,245,316,248,317,251,317,254,316,257,314,260,312,264,312,265,312,267,312,268,315,269,318,270,321,270,323,270,326,270,329,270,331,270,332,273,332,275,332,278,333,280,335,280,338,279,340,278,343,278,345,278,345,274,345,271,345,268,344,265,344,262,344,257,344,254,345,250,344,247,344,242,344,240,344,236,344,230,345,225,345,222,345,217,345,216,343,216,341,216,339,216,336,216,334,216,331,216,328,216,326,216" />
<area href="@@LINK@@" alt="@@ALT@@" title="@@TITLE@@" slug="al" shape="poly" coords="345,215,345,218,345,221,346,223,345,227,345,231,345,234,345,237,345,242,345,245,344,247,345,250,345,253,344,255,344,259,345,263,345,266,346,269,346,272,346,275,347,277,349,276,349,273,350,273,351,273,352,275,353,277,354,278,356,278,356,275,355,273,354,271,354,269,356,267,357,267,359,267,361,268,364,267,367,267,371,267,374,267,376,267,379,267,381,267,381,265,381,262,381,259,379,255,379,253,381,251,380,248,380,246,379,244,377,241,377,238,376,234,375,233,374,229,373,227,373,224,372,221,371,218,370,216,370,214,368,214,366,214,363,214,361,215,358,215,356,215,351,216,350,216,347,215" />
<area href="@@LINK@@" alt="@@ALT@@" title="@@TITLE@@" slug="tn" shape="poly" coords="331,198,329,201,328,203,328,206,327,209,326,211,325,214,325,217,327,217,329,216,333,216,336,216,339,216,342,216,347,215,349,215,351,215,355,215,357,216,361,215,364,214,367,214,369,214,372,214,376,213,379,213,383,214,384,210,387,208,386,206,390,204,392,203,395,201,398,198,400,196,403,195,405,194,407,192,407,189,405,188,402,188,400,189,396,190,393,191,391,191,388,191,383,193,382,192,379,192,377,192,374,192,371,192,367,193,366,193,363,193,360,193,357,193,354,193,351,194,348,194,347,194,345,195,344,196,342,196,340,197,338,198,337,198,335,198" />
<area href="@@LINK@@" alt="@@ALT@@" title="@@TITLE@@" slug="ky" shape="poly" coords="344,193,344,195,342,196,340,196,338,196,336,197,334,197,333,196,333,193,333,191,333,188,333,186,335,187,337,187,338,188,340,189,340,185,342,183,343,180,344,179,345,178,348,177,350,176,351,177,353,178,356,175,358,177,359,173,364,175,364,171,366,170,367,167,369,164,371,164,373,164,374,160,375,159,378,160,378,163,381,163,383,164,385,165,388,165,391,163,392,164,395,165,396,168,397,170,399,173,401,175,402,178,400,180,398,182,395,184,393,186,390,188,389,189,385,191,383,191,380,191,377,192,373,192,369,192,367,193,363,193,360,193,356,193,352,193,349,194,346,194" />
<area href="@@LINK@@" alt="@@ALT@@" title="@@TITLE@@" slug="il" shape="poly" coords="332,188,335,187,338,187,339,187,339,184,340,181,343,181,342,179,342,175,342,172,345,170,347,169,347,165,347,161,346,158,346,155,346,151,346,147,346,142,345,137,345,132,345,129,344,126,343,124,342,122,341,120,341,118,339,117,336,117,334,117,332,117,329,117,326,118,322,118,319,118,317,118,313,116,313,117,315,119,316,121,318,123,320,125,320,127,320,128,319,130,317,131,315,132,313,132,311,134,311,135,312,138,312,139,312,142,310,143,309,145,308,147,308,151,309,154,310,155,311,156,313,158,315,158,316,160,316,162,317,164,318,165,320,166,321,168,321,170,321,172,321,175,321,177,324,178,327,180,330,182,331,185" />
<area href="@@LINK@@" alt="@@ALT@@" title="@@TITLE@@" slug="wi" shape="poly" coords="341,116,340,113,339,109,339,108,340,105,340,102,340,97,340,95,343,93,342,90,344,86,345,83,345,80,341,82,340,85,339,89,337,90,337,87,338,83,338,80,338,77,337,74,335,72,333,71,330,71,326,71,322,70,320,69,318,68,315,65,314,64,312,64,312,62,308,63,306,63,305,63,301,63,299,64,299,68,300,70,300,74,299,75,297,75,295,77,295,80,295,82,295,86,296,89,297,92,299,93,302,95,304,97,306,98,308,100,309,102,310,103,310,106,311,108,312,110,312,113,313,115,313,116,315,117,317,118,320,118,324,118,326,119,329,119,332,118,335,118,337,118,339,118" />
<area href="@@LINK@@" alt="@@ALT@@" title="@@TITLE@@" slug="mi" shape="poly" coords="382,123,384,118,385,114,386,112,387,110,389,110,389,105,389,103,388,99,387,97,386,94,384,92,382,93,380,95,379,97,377,99,375,99,375,96,376,93,377,92,378,89,379,85,379,81,378,78,376,76,374,75,372,74,370,73,369,67,369,64,367,62,364,63,362,63,362,60,358,60,355,61,353,61,350,63,346,64,343,64,340,61,338,59,335,59,333,59,332,58,334,55,336,53,333,53,331,54,329,56,326,58,324,60,322,62,319,63,317,65,315,65,319,67,321,68,323,69,326,69,329,70,331,70,334,70,335,71,337,72,338,74,339,76,340,79,340,82,339,83,341,79,343,76,345,74,347,73,349,72,351,72,353,72,355,71,359,70,361,70,364,69,364,72,362,75,362,78,361,79,360,82,360,85,358,83,357,83,356,85,354,88,355,91,355,93,353,95,352,98,353,101,354,104,356,107,356,108,356,110,356,112,356,114,356,117,355,119,355,121,354,125,354,125,358,125,362,125,366,124,369,124,372,124,375,124,378,124,380,124" />
<area href="@@LINK@@" alt="@@ALT@@" title="@@TITLE@@" slug="in" shape="poly" coords="346,127,349,126,351,126,353,126,355,126,356,126,358,126,360,125,363,125,365,125,367,125,369,125,370,125,370,128,370,130,372,133,371,136,371,140,373,145,373,146,372,149,372,152,373,156,373,158,372,161,372,162,369,163,368,164,366,165,365,167,364,168,363,170,362,172,362,174,360,172,358,172,358,173,358,175,357,176,355,175,354,175,352,176,351,176,348,175,347,175,346,176,344,178,342,177,342,174,342,173,345,172,346,171,347,169,347,167,347,164,346,158,346,155,346,150,346,146,346,143,346,140,346,137,345,134,345,131,346,130" />
<area href="@@LINK@@" alt="@@ALT@@" title="@@TITLE@@" slug="oh" shape="poly" coords="371,124,370,127,370,128,370,130,371,132,372,134,372,136,372,139,372,141,373,143,373,146,373,149,373,151,374,154,374,157,374,159,377,160,378,160,380,162,383,163,385,163,387,163,390,164,392,162,393,162,395,165,396,165,398,165,398,163,399,161,399,158,400,156,402,157,403,156,404,154,404,152,406,150,408,150,409,148,410,144,411,141,411,138,410,135,410,130,410,127,410,123,409,119,409,117,407,117,405,119,403,120,401,121,400,123,398,125,396,125,395,125,392,127,391,127,389,126,387,126,385,125,383,124,382,124,380,124,377,124,375,124" />
<area href="@@LINK@@" alt="@@ALT@@" title="@@TITLE@@" slug="me" shape="poly" coords="486,57,488,54,489,54,490,51,490,48,491,45,491,42,491,40,491,37,492,33,493,32,493,30,494,27,496,27,497,29,499,29,501,28,504,27,505,27,507,30,508,32,509,35,510,38,512,42,512,44,513,47,516,47,515,48,517,51,518,52,520,52,521,54,520,56,517,58,516,60,514,61,511,64,509,63,508,63,505,65,506,67,506,69,504,70,502,71,500,73,499,74,498,75,496,78,496,81,496,83,494,85,493,84,493,83,491,82,490,80,490,78,490,74,490,72,490,68,489,66,488,63,487,61,486,60" />
<area href="@@LINK@@" alt="@@ALT@@" title="@@TITLE@@" slug="nh" shape="poly" coords="485,59,483,61,482,62,482,65,483,66,484,69,483,70,482,71,480,73,480,75,480,76,479,78,479,81,479,85,479,88,479,90,480,92,483,93,486,93,489,92,491,91,492,89,493,88,495,87,495,86,494,84,492,83,491,82,491,79,490,77,490,73,490,71,490,69,489,66,488,65,487,63" />
<area href="@@LINK@@" alt="@@ALT@@" title="@@TITLE@@" slug="vt" shape="poly" coords="485,59,482,62,480,63,477,64,474,65,471,65,467,66,467,66,467,68,467,71,469,73,469,75,469,77,469,79,470,82,470,84,472,86,472,88,472,90,473,92,474,95,477,95,479,95,480,94,480,92,479,90,478,87,478,85,478,82,478,79,478,76,479,73,480,72,481,70,482,69,481,66,483,64,484,62,485,62" />
<area href="@@LINK@@" alt="@@ALT@@" title="@@TITLE@@" slug="ri" shape="poly" coords="490,110,491,107,491,105,489,105,489,103,490,101,491,101,492,102,494,104,496,106,494,107,493,109,492,111,491,112" />
<area href="@@LINK@@" alt="@@ALT@@" title="@@TITLE@@" slug="ma" shape="poly" coords="497,106,494,104,493,103,491,101,488,101,487,101,483,102,481,103,476,104,473,104,472,99,473,97,474,93,476,95,479,95,480,95,482,94,485,93,488,92,491,91,494,89,495,89,495,91,495,93,493,94,493,96,496,97,499,98,501,101,502,103,506,102,507,102,504,104,503,105,502,106,490,101" />
<area href="@@LINK@@" alt="@@ALT@@" title="@@TITLE@@" slug="ct" shape="poly" coords="488,116,484,118,482,119,480,121,478,122,473,123,474,121,474,117,474,113,474,109,474,106,474,104,477,104,479,104,482,104,484,104,486,104,488,104,488,106,488,108,488,110,486,112,484,112,481,114,478,115,476,117,476,119,479,118,481,117,485,115,487,115" />
<area href="@@LINK@@" alt="@@ALT@@" title="@@TITLE@@" slug="nj" shape="poly" coords="472,119,468,117,467,116,464,115,462,115,462,118,461,121,461,124,461,126,462,128,463,129,465,130,467,131,467,133,465,134,464,136,462,137,461,139,462,141,464,143,466,144,467,144,468,145,470,144,471,143,472,138,472,136,473,134,473,132,472,129,471,127,470,125,470,122,472,120" />
<area href="@@LINK@@" alt="@@ALT@@" title="@@TITLE@@" slug="de" shape="poly" coords="468,154,464,154,462,154,458,138,461,137,460,139,461,141,461,143,463,146,464,148,465,151,468,152" />
<area href="@@LINK@@" alt="@@ALT@@" title="@@TITLE@@" slug="md" shape="poly" coords="468,155,464,155,462,154,460,154,460,151,460,148,459,145,459,141,458,139,456,139,454,139,452,140,447,141,445,142,441,142,438,143,433,143,430,143,426,144,424,145,423,146,423,147,424,150,425,152,426,149,427,149,430,146,431,146,433,146,434,146,436,147,438,148,438,148,440,149,443,150,446,151,448,151,449,151,451,151,453,151,453,149,453,148,453,145,452,143,454,143,456,144,456,148,456,149,457,152,457,154,459,157,460,159,462,160,463,161,464,162,466,161,467,158" />
<area href="@@LINK@@" alt="@@ALT@@" title="@@TITLE@@" slug="ny" shape="poly" coords="466,66,466,69,466,70,468,72,468,74,469,77,468,79,469,82,470,84,470,87,471,87,472,90,473,94,473,95,472,98,472,100,473,103,473,106,473,108,473,112,473,116,473,118,473,120,470,119,469,117,466,116,464,115,462,114,459,111,457,109,455,107,452,108,450,109,448,109,445,109,443,110,440,110,437,111,435,112,432,113,429,113,426,113,423,113,420,114,417,114,415,114,415,113,415,112,416,111,417,109,419,108,421,106,422,104,423,103,422,100,421,99,420,99,421,96,423,95,424,95,426,95,429,95,432,95,434,94,437,95,440,94,442,93,444,92,445,89,445,87,446,84,443,83,443,81,444,80,445,78,446,77,447,75,449,73,450,72,452,70,455,69,457,68,459,68,462,67,464,67" />
<area href="@@LINK@@" alt="@@ALT@@" title="@@TITLE@@" slug="pa" shape="poly" coords="414,113,412,115,410,116,410,119,410,121,410,124,410,127,411,130,412,132,412,135,412,137,412,140,413,142,413,144,414,145,417,145,419,145,422,144,423,144,426,143,428,143,430,143,434,142,437,141,439,141,440,141,443,141,445,141,448,140,450,140,453,140,456,139,459,137,460,136,462,135,465,134,466,133,467,132,465,130,464,129,462,129,460,128,460,125,460,123,461,120,461,117,461,115,459,112,458,111,458,110,455,109,452,109,450,109,448,110,444,111,444,111,441,112,439,112,435,113,432,113,430,114,427,114,426,114,423,115,419,114,417,114" />
<area href="@@LINK@@" alt="@@ALT@@" title="@@TITLE@@" slug="wv" shape="poly" coords="396,166,399,164,400,162,399,160,399,158,402,158,403,158,404,155,405,154,406,152,408,150,409,148,411,146,413,145,415,146,417,146,419,146,420,146,421,146,422,148,423,150,423,151,425,153,427,152,428,151,429,148,430,148,432,148,433,148,433,150,433,152,431,153,431,154,430,155,429,156,428,158,428,159,427,161,426,161,425,161,423,161,423,162,422,164,421,166,420,167,420,169,420,171,420,173,419,175,417,176,414,177,412,178,410,179,408,179,407,180,404,179,403,177,402,176,400,173,399,171,398,169,397,167" />
<area href="@@LINK@@" alt="@@ALT@@" title="@@TITLE@@" slug="va" shape="poly" coords="429,186,425,186,421,187,419,187,414,188,411,188,408,188,405,188,403,188,399,189,396,189,393,190,391,190,387,191,388,189,390,188,392,186,395,185,396,184,399,182,402,180,403,179,405,180,406,180,408,181,411,181,413,180,415,178,418,177,420,175,421,173,421,170,421,167,423,165,424,161,426,161,428,161,429,160,429,158,431,156,432,154,434,153,434,151,434,148,436,149,438,150,439,150,441,151,443,153,445,153,448,153,451,154,452,154,455,156,455,157,456,160,455,160,453,160,452,160,450,159,449,161,451,162,452,163,453,163,455,163,457,164,457,164,457,166,457,167,457,169,458,170,457,171,458,174,459,176,457,175,454,174,452,173,449,173,451,174,452,175,454,176,457,177,460,177,462,177,464,177,464,178,465,179,464,180,462,180,460,181,458,181,456,181,453,181,450,182,449,182,446,183,444,183,441,184,439,184,436,184,434,184,431,185" />
<area href="@@LINK@@" alt="@@ALT@@" title="@@TITLE@@" slug="nc" shape="poly" coords="444,219,440,217,438,214,437,213,434,211,431,209,429,209,425,209,423,210,420,211,418,210,417,207,417,206,414,206,411,207,408,207,405,207,401,209,398,210,397,212,393,213,391,213,388,212,385,212,383,212,383,211,384,210,386,210,387,209,387,207,388,205,390,204,392,204,394,203,396,201,398,199,400,197,402,197,404,197,405,196,407,195,408,193,408,191,408,190,410,190,413,190,416,189,419,188,423,188,425,188,429,188,431,187,433,187,438,186,439,186,442,185,445,184,447,184,449,184,451,184,454,184,457,183,461,182,462,182,467,183,465,184,464,185,462,186,460,187,458,189,459,190,461,190,463,189,465,189,466,189,467,190,468,192,467,193,466,194,464,195,463,196,462,196,461,196,458,196,460,198,460,199,461,200,462,202,463,202,463,204,461,205,460,205,458,206,456,207,455,208,453,209,452,210,451,210,451,211,451,213,450,216,449,219,448,219,447,220" />
<area href="@@LINK@@" alt="@@ALT@@" title="@@TITLE@@" slug="sc" shape="poly" coords="394,214,396,217,399,218,400,219,401,222,402,224,404,225,405,226,408,227,409,229,411,232,412,234,414,235,418,238,419,240,420,242,421,245,422,247,424,247,425,244,427,242,427,240,429,239,431,237,433,236,435,234,436,231,438,229,439,226,440,223,442,222,443,221,441,219,440,218,438,216,437,215,435,213,433,212,432,211,428,211,427,211,425,211,423,212,421,213,420,213,416,211,416,210,415,208,414,207,413,207,410,207,408,208,407,208,405,208,402,209,400,210,397,212,395,212,395,213" />
<area href="@@LINK@@" alt="@@ALT@@" title="@@TITLE@@" slug="ga" shape="poly" coords="419,266,417,264,415,264,414,266,415,269,414,272,413,272,412,271,411,268,408,270,406,270,404,269,401,269,399,269,397,269,395,270,392,270,390,269,387,269,385,269,382,269,381,267,381,264,381,261,381,259,381,258,380,256,380,255,380,253,382,251,381,249,381,248,380,245,379,243,378,241,378,239,377,236,376,233,375,231,375,230,374,224,374,222,373,221,372,218,371,217,371,215,374,215,375,214,377,214,379,214,382,215,384,216,385,214,387,214,389,214,391,214,392,214,394,216,395,217,396,218,398,219,399,219,401,223,401,224,404,226,405,227,406,228,409,230,409,231,410,233,411,234,413,235,414,237,416,239,416,239,417,240,418,242,419,243,420,245,420,246,421,248,423,247,424,247,423,250,422,251,421,253,421,255,420,257,419,259,418,261,416,262" />
<area href="@@LINK@@" alt="@@ALT@@" title="@@TITLE@@" slug="fl" shape="poly" coords="419,264,420,267,421,269,421,271,421,274,422,276,424,278,425,282,427,284,429,287,431,290,433,293,432,295,434,298,436,302,437,304,439,307,440,310,442,313,443,317,443,321,443,324,443,328,442,330,441,333,440,335,438,336,436,337,434,336,433,334,431,332,429,330,429,329,426,327,425,326,423,325,423,322,421,321,420,319,420,316,418,316,415,314,414,313,413,311,414,310,414,308,414,306,414,304,413,303,411,304,410,301,410,299,411,296,411,294,411,292,410,290,409,289,409,288,407,287,405,286,404,285,402,283,400,281,398,280,396,278,394,277,392,277,391,277,389,279,387,280,386,281,384,282,381,284,380,284,379,281,377,279,376,277,375,276,372,276,371,276,371,276,369,274,368,274,366,274,365,276,364,276,362,276,361,275,359,277,357,277,356,273,355,271,356,269,358,268,360,268,362,268,365,268,366,268,369,267,370,268,372,268,375,268,377,268,379,268,381,268,382,270,384,270,389,270,392,270,395,270,399,270,402,270,404,270,407,270,411,270,415,272,415,269,416,266,416,264" />