<area shape="poly" href="@@LINK@@" alt="@@ALT@@" title="@@TITLE@@" slug"yt" coords="27,230,36,240,34,246,75,283,134,323,133,317,135,305,123,298,124,287,120,274,119,263,131,240,128,217,135,209,136,200,140,191,140,186,130,172,147,155,148,152,142,144,142,131,141,128,137,124,90,170" />
<area shape="poly" href="@@LINK@@" alt="@@ALT@@" title="@@TITLE@@" slug"ab" coords="159,337,208,360,233,369,177,542,134,527,131,516,133,509,132,499,129,488,129,477,124,470,120,446,113,437,113,432" />
<area shape="poly" href="@@LINK@@" alt="@@ALT@@" title="@@TITLE@@" slug"bc" coords="133,526,50,485,48,480,50,480,47,476,50,471,46,470,46,464,41,461,39,458,42,452,39,445,29,440,33,435,29,431,25,427,22,423,27,423,25,420,30,421,29,417,25,415,32,407,29,403,30,401,27,397,28,390,34,385,31,379,30,370,33,369,32,365,33,362,37,361,40,358,43,358,51,348,43,327,52,287,50,285,54,270,47,266,40,268,36,266,32,266,34,255,33,248,77,285,106,305,134,323,159,339,113,430,119,446,124,471,129,477,130,495,133,504" />
<area shape="poly" href="@@LINK@@" alt="@@ALT@@" title="@@TITLE@@" slug"bc" coords="38,487,32,483,26,473,25,470,27,470,26,468,22,467,24,463,18,454,19,453,23,453,23,450,19,446,16,443,17,440,12,436,15,432,19,433,18,430,16,427,13,427,14,424,19,427,24,433,34,447,34,464,39,473,40,483" />
<area shape="poly" href="@@LINK@@" alt="@@ALT@@" title="@@TITLE@@" slug"bc" coords="9,350,6,354,5,358,6,360,5,364,3,367,8,368,12,364,15,361,17,359,16,357,12,359,8,362,7,363,8,361,11,358,13,354" />
<area shape="poly" href="@@LINK@@" alt="@@ALT@@" title="@@TITLE@@" slug"bc" coords="7,369,9,371,6,374,2,376,3,380,4,384,2,386,0,383,0,379,1,375,1,372,4,369" />
<area shape="poly" href="@@LINK@@" alt="@@ALT@@" title="@@TITLE@@" slug"bc" coords="28,367,29,371,29,376,29,382,26,380,23,380,21,376,22,372,25,373,25,369" />
<area shape="poly" href="@@LINK@@" alt="@@ALT@@" title="@@TITLE@@" slug"sk" coords="178,543,267,567,298,387,234,370" />
<area shape="poly" href="@@LINK@@" alt="@@ALT@@" title="@@TITLE@@" slug"mb" coords="267,567,335,577,340,574,338,572,344,515,406,452,406,450,401,447,398,446,386,439,382,438,376,442,370,443,372,439,367,413,362,412,357,414,352,408,354,395,299,387" />
<area shape="poly" href="@@LINK@@" alt="@@ALT@@" title="@@TITLE@@" slug"on" coords="406,452,344,515,338,572,340,575,346,582,351,585,360,584,375,594,392,595,398,593,401,589,404,585,405,587,409,584,411,583,413,577,420,579,424,585,426,581,432,581,438,592,442,594,447,593,450,600,453,603,453,608,456,611,457,616,460,620,475,622,497,622,502,624,504,628,510,631,511,634,514,637,515,639,512,639,513,642,511,646,501,644,500,642,492,636,496,642,495,649,493,654,493,669,489,673,485,673,487,678,487,687,483,688,481,692,486,693,492,690,497,685,502,680,512,679,519,673,528,672,527,666,521,668,520,664,523,659,532,653,538,651,551,650,549,645,553,646,563,636,566,636,574,628,578,627,579,623,577,620,570,620,566,624,547,621,539,616,530,617,519,608,514,599,502,526,500,526,500,533,498,534,494,533,490,532,488,534,489,528,481,519,475,521,474,520,479,516,470,508,466,482,466,473,460,470,439,472,431,465,417,461,412,454" />
<area shape="poly" href="@@LINK@@" alt="@@ALT@@" title="@@TITLE@@" slug"on" coords="472,504,478,503,482,503,484,507,481,509,476,506" />
<area shape="poly" href="@@LINK@@" alt="@@ALT@@" title="@@TITLE@@" slug"qc" coords="502,526,515,600,528,616,534,615,539,616,548,621,553,622,565,624,570,621,576,621,579,623,579,627,596,625,604,621,612,617,613,612,620,605,620,588,622,577,625,569,628,570,634,564,638,557,640,554,643,555,649,552,653,546,660,542,668,538,673,529,670,523,660,522,648,527,635,539,630,545,625,551,620,559,619,565,617,571,614,577,611,580,612,576,613,572,621,548,630,531,637,529,638,515,685,492,689,493,699,482,702,483,705,477,708,464,723,448,719,445,661,473,658,470,656,462,651,460,649,464,653,471,655,481,652,482,645,479,635,483,631,476,629,473,625,475,622,470,609,456,607,449,610,443,612,440,618,442,625,439,637,439,639,419,626,402,624,391,622,389,615,388,614,376,596,357,596,350,594,351,591,359,596,364,594,367,594,377,595,380,591,378,590,383,585,391,581,390,579,387,578,389,572,383,565,389,561,390,560,386,565,384,565,381,561,378,559,371,553,372,547,371,548,370,556,369,558,365,554,360,554,353,552,356,536,355,534,348,532,349,529,346,524,342,514,339,510,345,488,343,484,350,488,357,491,357,488,366,488,371,492,372,492,378,495,382,496,384,499,390,495,392,496,396,488,401,491,409,495,411,500,411,502,414,513,441,517,441,519,443,515,445,509,460,493,476,500,485,502,494,505,501,507,507,509,511,514,512,509,515,507,520,510,526" />
<area shape="poly" href="@@LINK@@" alt="@@ALT@@" title="@@TITLE@@" slug"qc" coords="663,508,669,506,680,505,687,507,692,506,694,509,685,512,679,512" />
<area shape="poly" href="@@LINK@@" alt="@@ALT@@" title="@@TITLE@@" slug"nf" coords="597,350,596,357,614,375,615,388,622,389,625,393,626,403,639,418,638,439,625,439,621,443,617,442,612,440,608,447,609,455,623,470,625,474,629,473,635,482,644,479,650,482,655,482,651,467,648,465,650,460,656,461,658,469,661,472,719,445,723,447,727,434,725,429,722,429,719,423,716,423,715,421,717,421,717,417,715,417,711,414,704,415,703,421,700,420,698,412,695,412,688,417,682,433,679,438,675,435,669,436,669,434,677,433,678,427,683,423,677,425,683,419,690,413,693,407,689,406,687,404,681,409,677,406,675,406,671,411,670,408,668,407,663,408,660,403,657,404,656,403,650,404,649,401,644,400,641,400,641,396,639,396,634,399,633,398,641,393,641,386,636,385,634,384,631,385,632,380,626,375,622,378,622,371,617,373,619,369,615,368,612,364,612,362,609,362,602,356,599,356" />
<area shape="poly" href="@@LINK@@" alt="@@ALT@@" title="@@TITLE@@" slug"nf" coords="733,442,734,445,732,447,735,450,734,455,736,472,738,474,740,466,743,467,747,465,745,469,748,473,754,469,755,472,768,462,770,463,771,469,773,473,775,477,776,477,780,471,781,471,778,480,781,481,783,486,786,486,786,476,789,477,791,485,792,485,791,481,793,481,799,487,799,496,795,501,791,496,790,491,790,501,786,496,783,491,779,486,778,495,776,500,776,507,772,511,769,510,772,505,773,501,772,495,768,497,768,501,763,503,764,498,756,505,744,511,733,519,729,519,727,512,732,506,731,502,726,504,728,501,728,494,730,490,728,488,726,475,728,472,726,468,726,448" />
<area shape="poly" href="@@LINK@@" alt="@@ALT@@" title="@@TITLE@@" slug"pe" coords="709,552,708,559,705,562,689,560,683,556,686,553,691,558,698,552,704,555" />
<area shape="poly" href="@@LINK@@" alt="@@ALT@@" title="@@TITLE@@" slug"nb" coords="651,592,654,591,659,597,663,598,664,594,669,594,676,588,678,588,687,572,689,573,694,566,685,564,677,554,673,555,673,545,668,543,664,547,657,544,650,551,644,555,641,554,636,562,627,570,632,572,637,567,643,569,647,580" />
<area shape="poly" href="@@LINK@@" alt="@@ALT@@" title="@@TITLE@@" slug"ns" coords="693,612,692,614,682,609,681,601,677,601,684,594,691,582,698,580,703,575,698,576,692,578,689,574,692,568,709,568,715,560,718,564,722,561,721,558,721,551,719,542,722,536,726,540,727,548,735,546,732,554,727,559,723,556,720,564,728,565,709,584,705,587,706,592,699,591,699,600" />
<area shape="poly" href="@@LINK@@" alt="@@ALT@@" title="@@TITLE@@" slug"nt" coords="312,313,298,386,235,371,209,360,160,337,135,323,135,305,124,298,125,286,120,263,131,240,128,219,136,210,137,199,139,194,140,187,131,172,146,155,149,157,150,154,153,161,157,154,167,155,170,154,175,156,183,155,188,158,189,160,180,161,176,159,167,160,172,161,175,164,183,162,188,165,195,164,198,162,199,158,201,165,199,179,202,181,210,175,212,177,207,185,209,189,217,183,227,191,225,197,217,213,249,276,258,278,264,292" />
<area shape="poly" href="@@LINK@@" alt="@@ALT@@" title="@@TITLE@@" slug"nt" coords="153,147,152,151,154,153,154,149" />
<area shape="poly" href="@@LINK@@" alt="@@ALT@@" title="@@TITLE@@" slug"nt" coords="156,152,157,150,161,149,163,148,164,150,161,152" />
<area shape="poly" href="@@LINK@@" alt="@@ALT@@" title="@@TITLE@@" slug"nt" coords="249,195,286,209,298,171,296,169,291,171,293,167,288,159,282,162,279,161,283,156,282,151,260,155,260,159,254,162,252,165,255,169,253,171,263,174,264,177,257,177,254,177,250,179,252,186,259,190,267,191,276,198,276,201,264,197,256,195" />
<area shape="poly" href="@@LINK@@" alt="@@ALT@@" title="@@TITLE@@" slug"nt" coords="224,144,228,151,227,158,229,164,235,162,238,163,242,164,248,156,253,156,258,151,277,148,280,144,273,129,269,130,266,126,265,121,253,113,248,115,248,122,243,126,237,130,237,135,234,134,229,137" />
<area shape="poly" href="@@LINK@@" alt="@@ALT@@" title="@@TITLE@@" slug"nt" coords="314,123,310,133,301,136,292,133,293,129,300,128,306,128,303,124,297,125,299,123,299,119,297,119,293,123,291,122,289,122,284,116,285,113,293,114,291,113,288,111,290,109,295,110,292,108,292,105,295,103,298,105,296,103,298,102,302,102,303,107,306,107,308,112,309,118" />
<area shape="poly" href="@@LINK@@" alt="@@ALT@@" title="@@TITLE@@" slug"nt" coords="288,103,282,105,280,107,283,110,286,107" />
<area shape="poly" href="@@LINK@@" alt="@@ALT@@" title="@@TITLE@@" slug"nt" coords="277,101,278,98,276,96,273,95,270,95,274,89,278,89,281,88,285,87,290,82,294,82,298,84,302,83,304,86,301,88,299,95,295,96,292,100,289,97,291,92,287,96,285,98,282,97" />
<area shape="poly" href="@@LINK@@" alt="@@ALT@@" title="@@TITLE@@" slug"nt" coords="308,98,307,96,305,97,306,100,308,100" />
<area shape="poly" href="@@LINK@@" alt="@@ALT@@" title="@@TITLE@@" slug"nt" coords="326,81,317,81,314,84,315,90,322,92,324,88,321,85" />
<area shape="poly" href="@@LINK@@" alt="@@ALT@@" title="@@TITLE@@" slug"nt" coords="331,77,329,71,325,71,319,74,321,75,324,77" />
<area shape="poly" href="@@LINK@@" alt="@@ALT@@" title="@@TITLE@@" slug"nt" coords="227,195,218,213,249,275,258,277,266,291,312,312,299,386,354,394,355,386,362,373,358,370,367,366,367,362,370,360,371,357,374,358,374,352,378,350,377,348,389,346,389,339,385,335,376,332,373,330,369,329,370,327,378,330,384,331,390,334,394,333,396,326,405,327,416,308,409,306,401,306,396,300,394,297,398,297,404,301,409,304,413,304,421,292,417,288,418,285,424,284,427,289,432,288,434,289,434,284,439,286,449,271,447,263,443,257,440,254,440,252,443,252,447,248,444,246,444,243,444,240,439,239,437,237,437,233,430,232,427,231,422,233,420,237,422,241,425,243,425,246,424,248,420,250,420,256,419,259,418,264,417,267,416,270,413,274,406,266,404,258,407,258,401,242,397,245,395,256,392,253,392,245,388,242,390,238,388,236,384,238,381,233,384,230,381,228,385,227,384,222,382,218,380,215,378,207,376,201,373,200,372,197,370,197,366,199,367,205,363,205,361,215,364,217,359,221,359,227,364,232,371,236,374,239,370,240,369,245,368,248,372,247,372,254,366,258,361,258,361,270,354,267,357,258,354,257,353,253,347,251,344,254,341,260,336,259,319,259,315,255,314,250,311,251,309,251,304,245,303,235,297,245,290,244,285,248,287,253,286,256,287,262,284,264,281,262,281,259,283,254,281,251,279,252,278,247,276,246,273,241,270,241,261,243,255,240,248,236,242,232,245,228,251,228,252,224,250,215,244,215,240,212,236,207,231,200" />
<area shape="poly" href="@@LINK@@" alt="@@ALT@@" title="@@TITLE@@" slug"nt" coords="248,195,286,209,298,171,300,169,301,165,303,168,304,186,308,185,310,166,312,162,315,165,317,164,320,171,320,182,320,189,321,192,321,196,319,201,321,207,323,211,327,211,329,216,334,221,335,227,333,227,327,223,325,227,321,228,322,230,324,230,326,233,329,237,323,239,316,239,312,236,308,236,308,232,305,230,302,228,302,226,300,225,297,228,295,230,290,230,284,232,272,230,264,228,259,223,260,215,253,211,247,205,246,201" />
<area shape="poly" href="@@LINK@@" alt="@@ALT@@" title="@@TITLE@@" slug"nt" coords="303,234,288,234,284,238,287,243,290,239,295,241" />
<area shape="poly" href="@@LINK@@" alt="@@ALT@@" title="@@TITLE@@" slug"nt" coords="350,228,345,238,341,239,340,243,343,243,355,252,363,248,357,236" />
<area shape="poly" href="@@LINK@@" alt="@@ALT@@" title="@@TITLE@@" slug"nt" coords="415,258,416,262,415,264,413,260" />
<area shape="poly" href="@@LINK@@" alt="@@ALT@@" title="@@TITLE@@" slug"nt" coords="324,157,330,160,326,169,319,162" />
<area shape="poly" href="@@LINK@@" alt="@@ALT@@" title="@@TITLE@@" slug"nt" coords="339,187,343,189,347,195,349,204,354,203,354,200,359,199,362,196,362,187,364,186,360,179,357,175,360,171,362,166,359,164,352,164,349,161,344,164,346,167,343,168,346,172,346,181,342,181,337,174,335,178" />
<area shape="poly" href="@@LINK@@" alt="@@ALT@@" title="@@TITLE@@" slug"nt" coords="363,175,360,176,361,178,364,178" />
<area shape="poly" href="@@LINK@@" alt="@@ALT@@" title="@@TITLE@@" slug"nt" coords="359,159,354,161,355,162,358,162" />
<area shape="poly" href="@@LINK@@" alt="@@ALT@@" title="@@TITLE@@" slug"nt" coords="369,166,368,183,370,186,370,188,371,194,374,194,378,186,376,184,377,182,381,184,385,183,394,165,391,163,387,163,383,160,376,160,372,162" />
<area shape="poly" href="@@LINK@@" alt="@@ALT@@" title="@@TITLE@@" slug"nt" coords="310,133,315,123,319,124,319,120,318,118,320,115,317,110,323,104,325,105,325,109,324,113,324,116,326,120,328,123,330,121,333,124,332,128,326,136,319,134" />
<area shape="poly" href="@@LINK@@" alt="@@ALT@@" title="@@TITLE@@" slug"nt" coords="432,293,436,295,438,298,434,297" />
<area shape="poly" href="@@LINK@@" alt="@@ALT@@" title="@@TITLE@@" slug"nt" coords="422,299,420,326,416,330,416,333,419,333,424,331,427,337,429,340,440,329,441,324,444,326,448,326,450,330,458,333,464,326,460,322,453,323,453,318,441,310,435,307,433,304,429,305,427,300" />
<area shape="poly" href="@@LINK@@" alt="@@ALT@@" title="@@TITLE@@" slug"nt" coords="442,356,445,346,452,343,450,349,447,354" />
<area shape="poly" href="@@LINK@@" alt="@@ALT@@" title="@@TITLE@@" slug"nt" coords="471,349,474,350,474,357,473,362,470,360,468,353" />
<area shape="poly" href="@@LINK@@" alt="@@ALT@@" title="@@TITLE@@" slug"nt" coords="480,329,484,330,484,333,479,332" />
<area shape="poly" href="@@LINK@@" alt="@@ALT@@" title="@@TITLE@@" slug"nt" coords="486,325,489,325,489,328,487,327" />
<area shape="poly" href="@@LINK@@" alt="@@ALT@@" title="@@TITLE@@" slug"nt" coords="512,335,509,335,509,337,512,336" />
<area shape="poly" href="@@LINK@@" alt="@@ALT@@" title="@@TITLE@@" slug"nt" coords="539,328,537,327,535,329,538,329" />
<area shape="poly" href="@@LINK@@" alt="@@ALT@@" title="@@TITLE@@" slug"nt" coords="568,355,569,357,567,359,567,356" />
<area shape="poly" href="@@LINK@@" alt="@@ALT@@" title="@@TITLE@@" slug"nt" coords="581,331,584,330,587,333,584,334" />
<area shape="poly" href="@@LINK@@" alt="@@ALT@@" title="@@TITLE@@" slug"nt" coords="480,249,486,253,487,259,482,265,478,267,473,262,473,254,476,251" />
<area shape="poly" href="@@LINK@@" alt="@@ALT@@" title="@@TITLE@@" slug"nt" coords="490,249,495,252,493,254,488,253" />
<area shape="poly" href="@@LINK@@" alt="@@ALT@@" title="@@TITLE@@" slug"nt" coords="462,235,458,238,458,243,461,240" />
<area shape="poly" href="@@LINK@@" alt="@@ALT@@" title="@@TITLE@@" slug"nt" coords="454,229,450,229,449,231,452,233" />
<area shape="poly" href="@@LINK@@" alt="@@ALT@@" title="@@TITLE@@" slug"nt" coords="507,304,518,314,522,314,525,315,526,318,525,321,533,325,539,325,544,325,551,329,557,331,565,331,568,329,572,331,574,326,547,311,547,309,553,310,561,311,562,313,574,313,578,315,575,310,579,310,574,305,574,304,576,302,574,295,571,293,566,293,566,286,551,284,546,276,541,276,540,273,544,270,536,266,537,265,541,264,544,264,548,265,551,267,555,267,557,270,571,276,573,270,568,264,573,264,574,256,572,252,575,251,574,246,570,243,563,245,561,242,556,243,555,239,550,236,547,236,544,234,540,237,536,232,531,232,524,231,522,225,520,223,525,222,529,219,516,218,522,212,519,207,515,205,513,212,508,208,511,203,508,201,502,203,498,201,493,200,494,196,492,193,486,191,482,194,478,195,479,190,474,193,475,190,472,187,468,181,460,179,452,181,452,186,450,188,445,185,443,193,441,182,440,176,437,172,435,166,427,168,424,170,422,174,422,178,419,178,423,183,417,180,417,186,421,190,418,193,417,198,422,202,423,209,420,211,414,212,419,205,415,198,413,190,411,186,412,177,418,168,416,166,410,166,404,171,400,179,396,189,395,201,396,206,407,209,408,214,403,213,400,213,399,216,405,223,414,224,418,228,428,229,434,228,440,230,444,229,448,229,443,225,453,227,457,224,456,221,452,218,461,219,463,221,464,224,468,226,469,229,477,233,473,238,474,244,479,240,483,236,483,239,486,242,489,240,492,246,496,247,502,251,504,258,505,260,504,263,503,266,503,268,497,281,504,288,504,290,497,290,494,296,482,296,480,300,476,305,480,313,485,314,491,313,493,308,498,310,501,307,498,304,502,303" />
<area shape="poly" href="@@LINK@@" alt="@@ALT@@" title="@@TITLE@@" slug"nt" coords="336,131,338,134,337,137,335,137,334,134" />
<area shape="poly" href="@@LINK@@" alt="@@ALT@@" title="@@TITLE@@" slug"nt" coords="366,118,365,125,364,129,365,131,362,136,362,142,353,142,350,139,353,137,352,136,356,132,355,130,345,131,345,128,342,126,341,123,339,121,340,117,340,115,341,111,344,115,344,117,345,120,345,123,346,126,349,127,349,120,351,117,355,125,356,124,354,118,356,115" />
<area shape="poly" href="@@LINK@@" alt="@@ALT@@" title="@@TITLE@@" slug"nt" coords="354,113,352,114,352,115,354,114" />
<area shape="poly" href="@@LINK@@" alt="@@ALT@@" title="@@TITLE@@" slug"nt" coords="371,134,367,134,367,136,369,135" />
<area shape="poly" href="@@LINK@@" alt="@@ALT@@" title="@@TITLE@@" slug"nt" coords="374,134,369,142,372,148,376,151,381,151,381,141,377,136" />
<area shape="poly" href="@@LINK@@" alt="@@ALT@@" title="@@TITLE@@" slug"nt" coords="341,93,340,97,342,103,342,98" />
<area shape="poly" href="@@LINK@@" alt="@@ALT@@" title="@@TITLE@@" slug"nt" coords="354,92,352,94,354,96,355,94" />
<area shape="poly" href="@@LINK@@" alt="@@ALT@@" title="@@TITLE@@" slug"nt" coords="440,143,438,143,440,146,441,144" />
<area shape="poly" href="@@LINK@@" alt="@@ALT@@" title="@@TITLE@@" slug"nt" coords="439,126,441,127,439,129,438,127" />
<area shape="poly" href="@@LINK@@" alt="@@ALT@@" title="@@TITLE@@" slug"nt" coords="440,70,445,70,446,72,444,72,444,70" />
<area shape="poly" href="@@LINK@@" alt="@@ALT@@" title="@@TITLE@@" slug"nt" coords="402,55,403,54,404,57,402,57" />
<area shape="poly" href="@@LINK@@" alt="@@ALT@@" title="@@TITLE@@" slug"nt" coords="370,57,371,61,371,64,368,61" />
<area shape="poly" href="@@LINK@@" alt="@@ALT@@" title="@@TITLE@@" slug"nt" coords="380,98,384,100,383,105,377,104,374,101" />
<area shape="poly" href="@@LINK@@" alt="@@ALT@@" title="@@TITLE@@" slug"nt" coords="371,78,380,87,380,94,376,97,371,96,370,92,372,90,370,89,369,83" />
<area shape="poly" href="@@LINK@@" alt="@@ALT@@" title="@@TITLE@@" slug"nt" coords="364,79,363,86,364,89,363,94,361,95,359,93,359,89,354,85,348,84,346,83,347,80,351,82,350,74,349,74,347,70,350,67,354,69,354,72,357,72,359,75" />
<area shape="poly" href="@@LINK@@" alt="@@ALT@@" title="@@TITLE@@" slug"nt" coords="440,165,452,165,459,171,461,175,452,176,447,181,444,177,443,174,440,171" />
<area shape="poly" href="@@LINK@@" alt="@@ALT@@" title="@@TITLE@@" slug"nt" coords="462,5,457,5,448,4,445,6,443,4,431,4,431,7,427,4,424,6,428,13,427,15,421,8,418,10,418,12,416,13,417,14,413,16,413,20,418,22,418,25,407,19,404,22,407,26,403,25,401,25,399,28,397,29,393,32,395,33,397,35,399,37,400,41,398,42,401,44,409,40,410,41,406,44,403,45,400,47,403,49,410,45,411,42,408,46,408,49,412,52,415,49,418,47,416,51,420,51,423,46,423,36,426,37,426,43,432,41,434,44,428,45,425,47,428,48,425,51,421,52,418,52,417,58,425,65,422,67,414,57,407,56,407,63,417,74,417,77,415,77,422,79,420,83,415,81,407,84,406,88,407,92,409,92,412,94,415,89,412,94,413,98,415,102,419,103,416,106,409,98,405,98,403,101,407,107,407,111,401,113,399,116,399,121,400,118,403,122,405,121,409,121,411,124,416,123,418,120,422,119,424,121,425,117,428,119,430,119,433,124,438,120,442,116,441,110,438,110,436,108,431,107,426,108,426,105,432,105,436,105,439,102,437,95,440,93,446,92,442,90,445,88,447,84,444,83,446,81,447,79,445,76,440,74,437,72,436,71,439,67,442,67,446,63,445,60,450,61,452,54,446,52,453,51,451,46,453,45,462,24,456,25,451,26,461,17" />
<area shape="poly" href="@@LINK@@" alt="@@ALT@@" title="@@TITLE@@" slug"nt" coords="405,67,413,73,404,81,403,79,402,86,400,87,401,92,397,88,398,92,396,92,393,94,387,89,388,87,386,84,385,80,393,76,391,75,390,72,387,72,381,71,384,69,382,66,380,62,379,59,385,60,383,57,381,55,382,51,386,49,384,46,386,44,389,42,387,39,391,41,393,45,396,51,400,55,400,59,402,61" />
<area shape="poly" href="@@LINK@@" alt="@@ALT@@" title="@@TITLE@@" slug"nt" coords="416,136,421,132,425,131,430,131,438,136,436,143,438,148,428,153,424,147,424,153,416,153,413,156,404,155,400,150,398,150,397,153,394,153,391,150,388,151,387,145,387,135,385,124,378,125,371,117,372,111,377,111,382,114,382,120,387,120,395,120,390,121,390,124,398,126,392,128,393,131,398,132,399,138,402,138,406,138,411,139" />
