<area href="@@LINK@@" alt="@@ALT@@" title="@@TITLE@@" shape="poly" slug="wa" coords="105,23,98,63,83,60,77,59,73,59,69,59,64,59,59,59,54,57,51,56,48,57,43,55,43,48,39,45,35,43,35,40,36,37,36,34,35,21,34,16,36,14,38,16,43,19,46,20,51,23,50,27,47,29,48,31,48,34,51,34,53,30,55,26,55,21,54,18,56,14,54,11,100,22" />
<area href="@@LINK@@" alt="@@ALT@@" title="@@TITLE@@" shape="poly" slug="or" coords="15,99,86,117,93,88,91,84,102,70,98,63,89,62,80,59,65,58,57,59,52,56,46,57,42,55,42,48,35,46,14,92,14,95" />
<area href="@@LINK@@" alt="@@ALT@@" title="@@TITLE@@" shape="poly" slug="ca" coords="15,100,56,111,47,151,63,176,92,216,93,224,96,228,91,233,90,237,87,240,87,245,88,248,58,246,57,236,50,227,46,223,40,219,37,215,30,213,26,210,27,202,18,181,20,177,16,169,17,164,16,159,12,148,9,141,9,134,11,130,8,122,10,116,13,112,14,105" />
<area href="@@LINK@@" alt="@@ALT@@" title="@@TITLE@@" shape="poly" slug="id" coords="106,23,114,24,112,35,114,40,114,45,118,52,121,57,124,59,123,65,121,69,121,74,126,74,128,78,129,85,132,87,133,91,150,92,145,128,87,118,93,88,91,85,97,76,100,73,103,70,99,64,103,39,105,29" />
<area href="@@LINK@@" alt="@@ALT@@" title="@@TITLE@@" shape="poly" slug="nv" coords="57,111,116,124,101,204,96,202,93,204,93,216,48,152,53,129" />
<area href="@@LINK@@" alt="@@ALT@@" title="@@TITLE@@" shape="poly" slug="az" coords="104,192,157,201,148,278,126,276,85,252,88,247,88,240,91,238,92,234,97,229,93,218,94,214,95,204,100,205" />
<area href="@@LINK@@" alt="@@ALT@@" title="@@TITLE@@" shape="poly" slug="ut" coords="146,129,144,142,164,146,158,200,104,192,117,124" />
<area href="@@LINK@@" alt="@@ALT@@" title="@@TITLE@@" shape="poly" slug="mt" coords="224,40,221,94,152,87,151,91,133,90,132,86,129,86,129,81,127,74,122,74,121,69,123,63,125,59,119,52,115,46,114,41,113,35,114,30,115,26" />
<area href="@@LINK@@" alt="@@ALT@@" title="@@TITLE@@" shape="poly" slug="wy" coords="144,142,153,87,220,95,217,149" />
<area href="@@LINK@@" alt="@@ALT@@" title="@@TITLE@@" shape="poly" slug="co" coords="158,200,165,146,237,152,234,207" />
<area href="@@LINK@@" alt="@@ALT@@" title="@@TITLE@@" shape="poly" slug="nm" coords="158,201,223,206,218,275,178,272,177,275,159,273,158,280,148,278" />
<area href="@@LINK@@" alt="@@ALT@@" title="@@TITLE@@" shape="poly" slug="ak" coords="155,307,167,344,177,346,178,344,193,353,198,354,199,358,195,361,170,348,163,348,157,347,151,346,154,350,145,354,144,349,147,345,140,353,140,357,144,359,141,366,139,363,133,365,129,369,123,372,119,375,113,377,106,380,101,381,93,382,88,383,80,382,69,379,62,376,54,369,58,370,62,372,68,374,75,378,84,380,91,381,97,380,102,379,110,376,115,374,121,373,127,370,130,367,132,359,121,358,121,353,115,353,110,352,114,349,112,345,115,341,120,340,123,339,124,334,114,332,111,328,113,326,117,325,121,327,124,326,115,316,115,315,119,315,125,308,131,305,139,307,147,307" />
<area href="@@LINK@@" alt="@@ALT@@" title="@@TITLE@@" shape="poly" slug="hi" coords="59,319,66,316,70,313,61,305,56,298,49,295,37,291,24,285,20,286,15,287,21,288,26,289,32,291,36,294,39,295,44,297,47,300,50,300,54,302,59,308,58,313" />
<area href="@@LINK@@" alt="@@ALT@@" title="@@TITLE@@" shape="poly" slug="tx" coords="255,215,223,213,219,275,178,274,183,282,189,289,195,293,198,303,203,311,214,317,221,308,235,307,245,318,252,330,258,338,258,345,262,353,269,357,274,360,280,360,285,362,285,353,283,342,286,338,287,332,292,328,294,323,300,325,311,319,313,315,313,310,318,308,321,312,325,310,326,305,328,298,330,293,329,288,323,278,323,256,315,254,309,252,304,252,298,254,294,252,290,252,287,253,284,252,281,251,278,251,276,249,273,248,270,248,268,247,266,246,263,244,259,244,256,242" />
<area href="@@LINK@@" alt="@@ALT@@" title="@@TITLE@@" shape="poly" slug="ok" coords="223,206,223,213,255,215,257,242,260,244,263,243,267,246,276,248,278,251,283,252,288,252,290,252,294,252,298,254,301,252,305,252,308,251,311,252,318,254,316,216,314,208" />
<area href="@@LINK@@" alt="@@ALT@@" title="@@TITLE@@" shape="poly" slug="ks" coords="236,165,236,206,315,208,315,179,309,172,311,170,308,168,307,166" />
<area href="@@LINK@@" alt="@@ALT@@" title="@@TITLE@@" shape="poly" slug="ne" coords="219,122,217,149,237,151,237,165,306,166,301,156,301,149,298,141,297,136,295,132,288,126,279,129,274,124" />
<area href="@@LINK@@" alt="@@ALT@@" title="@@TITLE@@" shape="poly" slug="sd" coords="223,82,221,94,219,122,273,123,277,126,287,126,292,128,294,118,295,117,294,92,291,88,293,84" />
<area href="@@LINK@@" alt="@@ALT@@" title="@@TITLE@@" shape="poly" slug="nd" coords="225,40,223,82,294,84,291,74,291,61,288,54,287,43,265,41" />
<area href="@@LINK@@" alt="@@ALT@@" title="@@TITLE@@" shape="poly" slug="mn" coords="295,117,347,116,346,111,331,100,331,89,329,87,334,82,334,73,348,59,354,56,358,54,348,52,346,51,343,53,339,53,335,50,332,51,327,47,324,47,320,48,317,47,312,46,310,44,310,40,310,38,307,37,306,42,288,42,291,60,289,52,293,77,294,82,292,88,294,94" />
<area href="@@LINK@@" alt="@@ALT@@" title="@@TITLE@@" shape="poly" slug="ia" coords="295,117,293,129,296,133,298,138,299,142,301,147,302,157,327,157,340,156,343,156,347,159,351,154,352,149,350,144,354,144,357,141,359,137,359,133,353,127,350,127,348,125,348,120,347,116" />
<area href="@@LINK@@" alt="@@ALT@@" title="@@TITLE@@" shape="poly" slug="mo" coords="302,158,342,156,346,159,347,165,348,169,352,172,356,175,356,179,361,179,362,184,360,187,370,196,371,203,374,204,374,210,372,211,370,216,370,219,363,220,366,216,366,213,317,215,315,179,310,172,312,169,306,165" />
<area href="@@LINK@@" alt="@@ALT@@" title="@@TITLE@@" shape="poly" slug="ar" coords="317,216,318,254,322,256,324,263,356,262,357,257,355,253,357,248,358,243,362,242,362,236,366,233,366,228,369,221,364,220,365,216,365,214" />
<area href="@@LINK@@" alt="@@ALT@@" title="@@TITLE@@" shape="poly" slug="la" coords="324,263,323,278,326,280,328,283,329,287,330,295,328,298,329,301,328,305,326,308,326,310,329,310,332,309,333,308,337,309,341,311,347,310,347,307,351,307,354,309,357,310,358,312,360,315,363,315,365,315,367,314,368,313,371,315,374,314,373,310,375,311,379,312,382,316,385,315,386,313,383,311,380,309,376,308,379,306,380,303,376,303,374,303,370,303,367,302,370,300,370,298,373,300,376,301,377,300,376,297,374,293,375,291,375,289,353,290,353,284,355,280,357,276,358,273,359,271,358,268,357,265,356,263" />
<area href="@@LINK@@" alt="@@ALT@@" title="@@TITLE@@" shape="poly" slug="ms" coords="366,233,388,232,389,281,390,289,391,296,385,296,378,300,377,297,374,293,374,289,353,290,353,284,356,281,357,279,357,275,360,271,359,268,357,265,357,262,357,259,356,257,356,253,357,248,358,245,361,245,362,244,362,240,362,237" />
<area href="@@LINK@@" alt="@@ALT@@" title="@@TITLE@@" shape="poly" slug="al" coords="389,231,417,229,421,242,425,254,429,263,428,267,428,274,429,280,430,283,401,286,400,289,402,291,403,295,399,297,398,295,397,291,395,290,395,293,394,297,392,295,390,288" />
<area href="@@LINK@@" alt="@@ALT@@" title="@@TITLE@@" shape="poly" slug="fl" coords="433,287,430,283,420,284,401,286,403,291,403,295,408,294,413,293,417,292,421,294,428,298,429,302,433,301,436,298,439,295,442,293,446,294,451,297,454,302,456,304,458,305,461,307,462,310,462,316,463,320,463,323,467,321,467,324,467,327,467,331,469,334,473,336,475,339,476,340,478,344,480,346,483,346,486,348,489,352,491,355,494,355,497,353,498,351,499,347,500,344,500,336,499,330,485,308,484,303,479,295,474,286,473,282,466,281,466,286,462,285" />
<area href="@@LINK@@" alt="@@ALT@@" title="@@TITLE@@" shape="poly" slug="ga" coords="418,229,445,226,442,229,446,232,449,234,454,239,465,248,472,257,473,260,476,262,474,269,472,276,472,281,467,281,466,285,433,286,431,281,429,278,428,267,429,264,428,259,424,249,421,241" />
<area href="@@LINK@@" alt="@@ALT@@" title="@@TITLE@@" shape="poly" slug="tn" coords="367,233,367,227,370,222,373,213,388,212,388,208,457,202,454,207,450,210,445,212,445,214,439,218,435,218,433,223,431,223,431,228" />
<area href="@@LINK@@" alt="@@ALT@@" title="@@TITLE@@" shape="poly" slug="ky" coords="375,211,387,211,387,208,435,204,443,198,448,192,451,189,444,181,444,178,440,174,437,174,431,176,426,174,424,172,420,171,419,176,413,176,412,181,410,184,410,188,407,189,404,186,402,189,402,192,399,190,397,192,393,191,389,192,387,192,386,196,386,200,383,200,384,203,379,203,375,203,375,207" />
<area href="@@LINK@@" alt="@@ALT@@" title="@@TITLE@@" shape="poly" slug="il" coords="355,129,382,128,387,139,388,159,389,175,390,179,387,185,386,187,386,195,383,198,382,202,377,202,374,205,371,203,370,197,360,188,363,181,357,178,356,175,348,170,346,163,349,158,352,153,352,152,350,148,350,145,355,144,358,140,359,136,356,132" />
<area href="@@LINK@@" alt="@@ALT@@" title="@@TITLE@@" shape="poly" slug="wi" coords="382,128,355,129,354,127,350,126,348,118,347,111,332,100,331,88,329,87,333,82,335,73,340,72,347,69,347,73,352,74,355,76,363,78,367,79,374,79,375,81,377,82,378,87,380,87,380,90,380,93,377,98,380,95,386,88,386,92,382,96,382,100,381,114" />
<area href="@@LINK@@" alt="@@ALT@@" title="@@TITLE@@" shape="poly" slug="mi" coords="394,136,427,132,430,124,432,123,433,118,436,120,435,112,433,104,429,100,426,101,422,108,418,105,419,102,424,99,424,94,422,87,421,83,415,81,411,80,408,78,411,77,416,77,419,74,414,73,412,69,409,69,405,68,401,66,395,67,388,71,381,71,376,65,371,69,370,65,373,63,377,59,373,59,370,62,366,64,360,69,357,69,353,73,359,76,367,78,374,79,379,83,380,87,382,89,384,86,385,84,389,83,393,77,399,78,402,77,405,84,400,88,396,94,395,100,393,109,397,117,399,128,397,132" />
<area href="@@LINK@@" alt="@@ALT@@" title="@@TITLE@@" shape="poly" slug="in" coords="388,139,393,137,413,135,416,150,417,162,419,175,413,175,411,182,409,187,406,187,404,186,401,190,398,189,397,191,386,190,386,186,389,181,389,177,388,171,389,158,388,147" />
<area href="@@LINK@@" alt="@@ALT@@" title="@@TITLE@@" shape="poly" slug="oh" coords="416,135,419,170,423,170,425,174,430,175,435,175,440,173,443,176,448,175,448,168,452,163,456,162,459,157,457,126,452,128,448,132,442,133,440,136,436,136,431,133" />
<area href="@@LINK@@" alt="@@ALT@@" title="@@TITLE@@" shape="poly" slug="me" coords="538,59,543,53,544,46,544,36,546,31,549,25,551,28,557,24,563,27,568,45,572,45,573,50,578,50,581,55,577,57,572,62,566,65,563,63,562,71,558,72,557,75,554,76,551,86,548,84" />
<area href="@@LINK@@" alt="@@ALT@@" title="@@TITLE@@" shape="poly" slug="nh" coords="535,96,545,94,550,91,550,87,546,80,539,60,537,60,537,68,538,72,534,73,534,82,534,91" />
<area href="@@LINK@@" alt="@@ALT@@" title="@@TITLE@@" shape="poly" slug="vt" coords="534,96,528,98,525,89,523,87,522,82,521,75,519,69,535,65,537,72,533,74" />
<area href="@@LINK@@" alt="@@ALT@@" title="@@TITLE@@" shape="poly" slug="ma" coords="528,107,527,98,544,96,550,92,554,94,551,98,554,99,559,104,562,103,559,99,562,100,564,104,561,107,559,107,557,112,555,107,553,110,548,104" />
<area href="@@LINK@@" alt="@@ALT@@" title="@@TITLE@@" shape="poly" slug="ri" coords="546,114,549,113,549,106,544,105" />
<area href="@@LINK@@" alt="@@ALT@@" title="@@TITLE@@" shape="poly" slug="ct" coords="529,121,528,108,543,106,546,113" />
<area shape="poly" title-"ny" coords="465,122,464,119,471,110,469,105,473,101,484,101,489,99,495,94,496,89,493,87,497,82,501,75,506,72,518,70,521,80,522,87,524,90,526,96,529,121,534,122,538,121,543,120,541,123,538,125,534,128,530,129,526,128,526,124,524,122,519,121,516,120,510,115" />
<area href="@@LINK@@" alt="@@ALT@@" title="@@TITLE@@" shape="poly" slug="nj" coords="517,121,515,131,520,137,514,146,518,150,522,151,523,154,525,150,527,145,528,133,524,132,525,124" />
<area href="@@LINK@@" alt="@@ALT@@" title="@@TITLE@@" shape="poly" slug="pa" coords="462,155,457,125,463,120,466,124,508,114,516,121,514,127,515,131,519,137,516,143,511,145" />
<area href="@@LINK@@" alt="@@ALT@@" title="@@TITLE@@" shape="poly" slug="de" coords="512,145,516,162,523,163,521,157,517,152,514,145" />
<area href="@@LINK@@" alt="@@ALT@@" title="@@TITLE@@" shape="poly" slug="md" coords="474,153,474,160,487,152,493,154,502,159,500,166,504,167,509,168,506,161,505,153,510,149,510,155,511,162,515,167,518,169,522,166,519,163,516,163,513,156,512,151,509,148,506,148,502,148,497,150,493,150,488,150,480,152" />
<area href="@@LINK@@" alt="@@ALT@@" title="@@TITLE@@" shape="poly" slug="wv" coords="457,192,444,181,444,177,448,176,448,168,451,168,452,163,458,162,460,152,462,156,473,154,474,161,479,157,484,155,488,153,491,155,492,158,488,156,485,156,485,161,483,164,479,165,478,171,474,168,474,175,471,179,470,185,464,189" />
<area href="@@LINK@@" alt="@@ALT@@" title="@@TITLE@@" shape="poly" slug="va" coords="438,204,519,189,517,185,512,185,509,182,514,182,512,180,514,178,510,175,512,172,508,170,505,169,501,169,499,167,501,162,500,160,496,158,493,156,492,158,487,157,486,162,484,163,483,166,480,167,478,172,475,169,474,174,473,177,472,180,471,185,465,188,463,191,458,192,452,189" />
<area href="@@LINK@@" alt="@@ALT@@" title="@@TITLE@@" shape="poly" slug="nc" coords="445,225,432,227,432,224,434,222,435,219,440,218,444,214,447,210,451,209,455,208,458,204,457,201,471,199,482,197,492,195,507,192,518,191,520,193,518,195,516,197,512,200,517,200,520,200,521,202,523,197,524,200,522,205,521,206,517,206,512,206,516,210,515,212,511,212,519,213,518,216,515,217,511,218,508,221,506,224,505,227,504,229,498,231,496,230,491,226,488,226,484,221,473,223,469,219,465,219,462,220,457,220,454,221" />
<area href="@@LINK@@" alt="@@ALT@@" title="@@TITLE@@" shape="poly" slug="sc" coords="443,229,476,262,477,257,482,255,486,250,489,248,491,245,493,239,498,232,492,228,488,227,483,222,478,222,475,225,472,225,470,221,456,220,451,223,447,225" />